Optional points: [0.8333333333333333 0.13333333333333336 0.033333333333333305; 0.782608695652174 0.19565217391304346 0.021739130434782566; 0.7619047619047619 0.19047619047619044 0.04761904761904763]
Starting allocation: [0.7926155969634231, 0.17315389924085575, 0.03423050379572117]

=== Round 1 ===
Current report matrix:
3×3 Matrix{Float64}:
 0.833333  0.133333  0.0333333
 0.782609  0.195652  0.0217391
 0.761905  0.190476  0.047619
Current allocation: [0.7926155969634231, 0.17315389924085575, 0.03423050379572117]
Voter 1's turn.
  Best response = [0.9774662205254012, 0.017388375952833688, 0.03152100859214963]
  New allocation: [0.8333333357092281, 0.13333333102012065, 0.03333333327065121]
  => Voter 1 improves by switching to best response
  Old utility = 0.998443129920515
  New utility = 0.9999999999999999
  Honest utility = 0.998443129920515
  Incentive Alignment = 0.9383371110767453
Voter 2's turn.
  Best response = [0.9999738456067023, 0.47762507538438703, 6.055454452402537e-6]
  New allocation: [0.7817808244963912, 0.1956316896929971, 0.022587485810611627]
  => Voter 2 improves by switching to best response
  Old utility = 0.9960065185324549
  New utility = 0.9999958307210237
  Honest utility = 0.9960065185324549
  Incentive Alignment = 0.8194400257339893
Voter 3's turn.
  Best response = [0.4455346702961583, 0.11073023272101996, 0.11990885708902863]
  New allocation: [0.7619047618903775, 0.19047619045724143, 0.04761904765238098]
  => Voter 3 improves by switching to best response
  Old utility = 0.9976117988944428
  New utility = 1.0
  Honest utility = 0.9976117988944428
  Incentive Alignment = 0.7080471927329727

=== Round 2 ===
Current report matrix:
3×3 Matrix{Float64}:
 0.977466  0.0173884  0.031521
 0.999974  0.477625   6.05545e-6
 0.445535  0.11073    0.119909
Current allocation: [0.7619047618903775, 0.19047619045724143, 0.04761904765238098]
Voter 1's turn.
  Best response = [0.9999998535153943, 3.4277776071048036e-6, 3.8552178226608585e-7]
  New allocation: [0.7754207667617701, 0.1865565408872107, 0.0380226923510191]
  => Voter 1 improves by switching to best response
  Old utility = 0.9960238411104902
  New utility = 0.9971721611858831
  Honest utility = 0.9909006531465869
  Incentive Alignment = 0.6977026143930608
Voter 2's turn.
  => No improvement found; voter 2 stays with old report.
  Old utility = 0.9988069861263356
  New utility = 0.9988697184096841
  Honest utility = 0.9357953018305614
  Incentive Alignment = 0.6977026143930608
Voter 3's turn.
  Best response = [0.42711002725121916, 0.1291424284507019, 0.1516862920128571]
  New allocation: [0.7619047618784224, 0.19047619047568523, 0.04761904764589243]
  => Voter 3 improves by switching to best response
  Old utility = 0.9996904314974807
  New utility = 1.0
  Honest utility = 0.9947107938522426
  Incentive Alignment = 0.6904553117496021

=== Round 3 ===
Current report matrix:
3×3 Matrix{Float64}:
 1.0       3.42778e-6  3.85522e-7
 0.999974  0.477625    6.05545e-6
 0.42711   0.129142    0.151686
Current allocation: [0.7619047618784224, 0.19047619047568523, 0.04761904764589243]
Voter 1's turn.
  => No improvement found; voter 1 stays with old report.
  Old utility = 0.99602384110924
  New utility = 0.9960238503361206
  Honest utility = 0.9889797270318751
  Incentive Alignment = 0.6904553117496021
Voter 2's turn.
  => No improvement found; voter 2 stays with old report.
  Old utility = 0.9974086507315351
  New utility = 0.9974155312686144
  Honest utility = 0.9402340509474774
  Incentive Alignment = 0.6904553117496021
Voter 3's turn.
  => No improvement found; voter 3 stays with old report.
  Old utility = 1.0
  New utility = 1.0
  Honest utility = 0.9947107938522426
  Incentive Alignment = 0.6904553117496021
Converged! Maximum improvement in utility < 0.0001.
Final reports:
3×3 Matrix{Float64}:
 1.0       3.42778e-6  3.85522e-7
 0.999974  0.477625    6.05545e-6
 0.42711   0.129142    0.151686
Final Allocation: [0.7619047618784224, 0.19047619047568523, 0.04761904764589243]
Mean Utility: 0.9978108306135917
Optimality: 0.9978108306135917
Envy: 0.3976158890759973
Incentive Alignment: 0.6904553117496021
