Optimal points: [0.24448217317487267 0.5500848896434636 0.2054329371816639; 0.6113870844478411 0.22009935040122278 0.1685135651509362; 0.3770217512548801 0.2459564974902398 0.3770217512548801]
Starting allocation: [0.41096366962586456, 0.3387135791783087, 0.25032275119582675]

=== Round 1 ===
Current report matrix:
3×3 Matrix{Float64}:
 0.244482  0.550085  0.205433
 0.611387  0.220099  0.168514
 0.377022  0.245956  0.377022
Current allocation: [0.41096366962586456, 0.3387135791783087, 0.25032275119582675]
Voter 1's turn.
  Best response = [2.8882149130002026e-7, 0.9992378702535967, 0.09503826630484115]
  New allocation: [0.319431423908047, 0.47354971460416434, 0.2070188614877887]
  => Voter 1 improves by switching to best response
  Old utility = 0.9753944323487994
  New utility = 0.9960644182478147
  Honest utility = 0.9753944323487994
  Incentive Alignment = 0.8256132092394264
Voter 2's turn.
  Best response = [0.999784425004696, 5.487210833229908e-7, 0.0830640046841752]
  New allocation: [0.43334973918206765, 0.3919250134034904, 0.17472524741444204]
  => Voter 2 improves by switching to best response
  Old utility = 0.9515435092478287
  New utility = 0.9800235167873028
  Honest utility = 0.9515435092478287
  Incentive Alignment = 0.6741031787549607
Voter 3's turn.
  Best response = [0.3036191628910352, 0.0009614670373958669, 0.9999998951521728]
  New allocation: [0.374357830139912, 0.28727293644140545, 0.33836923341868264]
  => Voter 3 improves by switching to best response
  Old utility = 0.971345281486153
  New utility = 0.998673619559386
  Honest utility = 0.971345281486153
  Incentive Alignment = 0.4496254459570484

=== Round 2 ===
Current report matrix:
3×3 Matrix{Float64}:
 2.88821e-7  0.999238     0.0950383
 0.999784    5.48721e-7   0.083064
 0.303619    0.000961467  1.0
Current allocation: [0.374357830139912, 0.28727293644140545, 0.33836923341868264]
Voter 1's turn.
  Best response = [2.837766382195596e-7, 0.999999952137099, 0.0003294924713494275]
  New allocation: [0.384739228044472, 0.29546431708530596, 0.31979645487022196]
  => Voter 1 improves by switching to best response
  Old utility = 0.9637036269144966
  New utility = 0.9661594829026515
  Honest utility = 0.9129177505199861
  Incentive Alignment = 0.44014562421629466
Voter 2's turn.
  Best response = [0.9999998533454634, 9.508064683875879e-7, 0.00010189421222130697]
  New allocation: [0.3944369716588792, 0.3028618600198748, 0.30270116832124594]
  => Voter 2 improves by switching to best response
  Old utility = 0.9721546210383084
  New utility = 0.975111673933942
  Honest utility = 0.9407179425027465
  Incentive Alignment = 0.43255202649895014
Voter 3's turn.
  => No improvement found; voter 3 stays with old report.
  Old utility = 0.9963849765769742
  New utility = 0.9963974029488039
  Honest utility = 0.9533389036002163
  Incentive Alignment = 0.43255202649895014

=== Round 3 ===
Current report matrix:
3×3 Matrix{Float64}:
 2.83777e-7  1.0          0.000329492
 1.0         9.50806e-7   0.000101894
 0.303619    0.000961467  1.0
Current allocation: [0.3944369716588792, 0.3028618600198748, 0.30270116832124594]
Voter 1's turn.
  => No improvement found; voter 1 stays with old report.
  Old utility = 0.9680714118785329
  New utility = 0.9680782191513371
  Honest utility = 0.915037225881678
  Incentive Alignment = 0.43255202649895014
Voter 2's turn.
  => No improvement found; voter 2 stays with old report.
  Old utility = 0.975111673933942
  New utility = 0.9751116925034901
  Honest utility = 0.9407179425027465
  Incentive Alignment = 0.43255202649895014
Voter 3's turn.
  => No improvement found; voter 3 stays with old report.
  Old utility = 0.9963849765769742
  New utility = 0.9963974029488039
  Honest utility = 0.9533389036002163
  Incentive Alignment = 0.43255202649895014
Converged! Maximum improvement in utility < 0.0001.
Final reports:
3×3 Matrix{Float64}:
 2.83777e-7  1.0          0.000329492
 1.0         9.50806e-7   0.000101894
 0.303619    0.000961467  1.0
Final Allocation: [0.3944369716588792, 0.3028618600198748, 0.30270116832124594]
Mean Utility: 0.979856020796483
Optimality: 0.979856020796483
Envy: 2.8313564698441374
Incentive Alignment: 0.43255202649895014
