Optional points: [0.2766666666666666 0.32666666666666666 0.3966666666666666; 0.36 0.2799999999999999 0.36; 0.3666666666666667 0.2666666666666666 0.3666666666666667]
Starting allocation: [0.35999936073903116, 0.2799994329559107, 0.36000120630505794]

=== Round 1 ===
Current report matrix:
3×3 Matrix{Float64}:
 0.276667  0.326667  0.396667
 0.36      0.28      0.36
 0.366667  0.266667  0.366667
Current allocation: [0.35999936073903116, 0.2799994329559107, 0.36000120630505794]
Voter 1's turn.
  Best response = [0.039674246263072414, 0.4039453586479103, 0.6130808960025005]
  New allocation: [0.3590072031298245, 0.2778817350048763, 0.3631110618652992]
  => Voter 1 improves by switching to best response
  Old utility = 0.9911843523607995
  New utility = 0.9913364769645643
  Honest utility = 0.9911843523607995
  Incentive Alignment = 0.8899633787110911
Voter 2's turn.
  => No improvement found; voter 2 stays with old report.
  Old utility = 0.9999893119369749
  New utility = 0.9999923840877722
  Honest utility = 0.9999893119369749
  Incentive Alignment = 0.8899633787110911
Voter 3's turn.
  => No improvement found; voter 3 stays with old report.
  Old utility = 0.9998366678466797
  New utility = 0.9998743584243095
  Honest utility = 0.9998366678466797
  Incentive Alignment = 0.8899633787110911

=== Round 2 ===
Current report matrix:
3×3 Matrix{Float64}:
 0.0396742  0.403945  0.613081
 0.36       0.28      0.36
 0.366667   0.266667  0.366667
Current allocation: [0.3590072031298245, 0.2778817350048763, 0.3631110618652992]
Voter 1's turn.
  => No improvement found; voter 1 stays with old report.
  Old utility = 0.9913364769645643
  New utility = 0.9913364769645643
  Honest utility = 0.9911843523607995
  Incentive Alignment = 0.8899633787110911
Voter 2's turn.
  => No improvement found; voter 2 stays with old report.
  Old utility = 0.9999893119369749
  New utility = 0.9999923840877722
  Honest utility = 0.9999893119369749
  Incentive Alignment = 0.8899633787110911
Voter 3's turn.
  => No improvement found; voter 3 stays with old report.
  Old utility = 0.9998366678466797
  New utility = 0.9998743584243095
  Honest utility = 0.9998366678466797
  Incentive Alignment = 0.8899633787110911
Converged! Maximum improvement in utility < 0.0001.
Final reports:
3×3 Matrix{Float64}:
 0.0396742  0.403945  0.613081
 0.36       0.28      0.36
 0.366667   0.266667  0.366667
Final Allocation: [0.3590072031298245, 0.2778817350048763, 0.3631110618652992]
Mean Utility: 0.9970541522494063
Optimality: 0.9970541522494063
Envy: 0.865283497241065
Incentive Alignment: 0.8899633787110911
