Optimal points: [0.2766666666666666 0.32666666666666666 0.3966666666666666; 0.36 0.2799999999999999 0.36; 0.36666666666666675 0.26666666666666666 0.36666666666666675]
Starting allocation: [0.35999936073903116, 0.2799994329559107, 0.36000120630505794]

=== Round 1 ===
Current report matrix:
3×3 Matrix{Float64}:
 0.276667  0.326667  0.396667
 0.36      0.28      0.36
 0.366667  0.266667  0.366667
Current allocation: [0.35999936073903116, 0.2799994329559107, 0.36000120630505794]
Voter 1's turn.
  Best response = [0.03967425179242114, 0.4039453526128837, 0.6130808873173142]
  New allocation: [0.35900720312857126, 0.27788173499533647, 0.3631110618760921]
  => Voter 1 improves by switching to best response
  Old utility = 0.9911843523607995
  New utility = 0.9913364769645642
  Honest utility = 0.9911843523607995
  Incentive Alignment = 0.8899633824031857
Voter 2's turn.
  => No improvement found; voter 2 stays with old report.
  Old utility = 0.9999893119368971
  New utility = 0.9999923839445526
  Honest utility = 0.9999893119368971
  Incentive Alignment = 0.8899633824031857
Voter 3's turn.
  => No improvement found; voter 3 stays with old report.
  Old utility = 0.9998366678469045
  New utility = 0.9998743581253633
  Honest utility = 0.9998366678469045
  Incentive Alignment = 0.8899633824031857

=== Round 2 ===
Current report matrix:
3×3 Matrix{Float64}:
 0.0396743  0.403945  0.613081
 0.36       0.28      0.36
 0.366667   0.266667  0.366667
Current allocation: [0.35900720312857126, 0.27788173499533647, 0.3631110618760921]
Voter 1's turn.
  => No improvement found; voter 1 stays with old report.
  Old utility = 0.9913364769645642
  New utility = 0.9913364769645642
  Honest utility = 0.9911843523607995
  Incentive Alignment = 0.8899633824031857
Voter 2's turn.
  => No improvement found; voter 2 stays with old report.
  Old utility = 0.9999893119368971
  New utility = 0.9999923839445526
  Honest utility = 0.9999893119368971
  Incentive Alignment = 0.8899633824031857
Voter 3's turn.
  => No improvement found; voter 3 stays with old report.
  Old utility = 0.9998366678469045
  New utility = 0.9998743581253633
  Honest utility = 0.9998366678469045
  Incentive Alignment = 0.8899633824031857
Converged! Maximum improvement in utility < 0.0001.
Final reports:
3×3 Matrix{Float64}:
 0.0396743  0.403945  0.613081
 0.36       0.28      0.36
 0.366667   0.266667  0.366667
Final Allocation: [0.35900720312857126, 0.27788173499533647, 0.3631110618760921]
Mean Utility: 0.9970541522494553
Optimality: 0.9970541522494553
Envy: 0.8652834972332935
Incentive Alignment: 0.8899633824031857
