Optional points: [0.641025641025641 0.1025641025641026 0.025641025641025623 0.23076923076923067; 0.72 0.17999999999999997 0.01999999999999996 0.07999999999999997; 0.4 0.09999999999999998 0.09999999999999998 0.4; 0.3076923076923077 0.0769230769230769 0.3076923076923077 0.3076923076923077; 0.22857142857142856 0.05714285714285713 0.35714285714285715 0.35714285714285715]
Starting allocation: [0.3588599430209224, 0.1675121101009863, 0.17422906610764638, 0.299398880770445]

=== Round 1 ===
Current report matrix:
5×4 Matrix{Float64}:
 0.641026  0.102564   0.025641  0.230769
 0.72      0.18       0.02      0.08
 0.4       0.1        0.1       0.4
 0.307692  0.0769231  0.307692  0.307692
 0.228571  0.0571429  0.357143  0.357143
User 1's turn.
  => No improvement found; user 1 stays with old report.
  Old utility = 0.9403908587105898
  New utility = 0.9403908587105898
  Honest utility = 0.9403908587105898
  Incentive Alignment = 1.0
  Allocation after user 1: [0.3588599430209224, 0.1675121101009863, 0.17422906610764638, 0.299398880770445]
User 2's turn.
  => No improvement found; user 2 stays with old report.
  Old utility = 0.895748321631188
  New utility = 0.895748321631188
  Honest utility = 0.895748321631188
  Incentive Alignment = 1.0
  Allocation after user 2: [0.3588599430209224, 0.1675121101009863, 0.17422906610764638, 0.299398880770445]
User 3's turn.
  Best response = [0.4, 0.09999999999999998, 0.09999999999999998, 0.45625000000000004]
  => User 3 improves by switching to best response
  => User 3's new report: [0.4, 0.09999999999999998, 0.09999999999999998, 0.45625000000000004]
  Old utility = 0.9863572389313233
  New utility = 0.9894652322213997
  Honest utility = 0.9863572389313233
  Incentive Alignment = 0.9887499999999999
  Allocation after user 3: [0.34552865298591684, 0.1623977753233305, 0.164349873611635, 0.32772369807911766]
User 4's turn.
  Best response = [0.2741586538461538, 0.10468749999999996, 0.6094951923076923, 0.10649038461538463]
  => User 4 improves by switching to best response
  => User 4's new report: [0.2741586538461538, 0.10468749999999996, 0.6094951923076923, 0.10649038461538463]
  Old utility = 0.9802563906247644
  New utility = 0.9895301065894809
  Honest utility = 0.9802563906247644
  Incentive Alignment = 0.9156849429231491
  Allocation after user 4: [0.3390150416613017, 0.1495683258118431, 0.2160002096749445, 0.29541642285191083]
User 5's turn.
  Best response = [0.22857142857142856, 0.05714285714285713, 0.4080357142857143, 0.35714285714285715]
  => User 5 improves by switching to best response
  => User 5's new report: [0.22857142857142856, 0.05714285714285713, 0.4080357142857143, 0.35714285714285715]
  Old utility = 0.9733802598867455
  New utility = 0.9769365564043708
  Honest utility = 0.9733802598867455
  Incentive Alignment = 0.9055063714945776
  Allocation after user 5: [0.32844474874632185, 0.14741877985941193, 0.2368779064122973, 0.28725856498196883]

=== Round 2 ===
Current report matrix:
5×4 Matrix{Float64}:
 0.641026  0.102564   0.025641  0.230769
 0.72      0.18       0.02      0.08
 0.4       0.1        0.1       0.45625
 0.274159  0.104687   0.609495  0.10649
 0.228571  0.0571429  0.408036  0.357143
User 1's turn.
  => No improvement found; user 1 stays with old report.
  Old utility = 0.9172147555499013
  New utility = 0.9172147555499013
  Honest utility = 0.9172147555499013
  Incentive Alignment = 0.9055063714945776
  Allocation after user 1: [0.32844474874632185, 0.14741877985941193, 0.2368779064122973, 0.28725856498196883]
User 2's turn.
  => No improvement found; user 2 stays with old report.
  Old utility = 0.8696128964805679
  New utility = 0.8696128964805679
  Honest utility = 0.8696128964805679
  Incentive Alignment = 0.9055063714945776
  Allocation after user 2: [0.32844474874632185, 0.14741877985941193, 0.2368779064122973, 0.28725856498196883]
User 3's turn.
  => No improvement found; user 3 stays with old report.
  Old utility = 0.9767594919240349
  New utility = 0.9767594919240349
  Honest utility = 0.973199671678259
  Incentive Alignment = 0.9055063714945776
  Allocation after user 3: [0.32844474874632185, 0.14741877985941193, 0.2368779064122973, 0.28725856498196883]
User 4's turn.
  => No improvement found; user 4 stays with old report.
  Old utility = 0.9916613276828914
  New utility = 0.9916613276828914
  Honest utility = 0.9858149238854734
  Incentive Alignment = 0.9055063714945776
  Allocation after user 4: [0.32844474874632185, 0.14741877985941193, 0.2368779064122973, 0.28725856498196883]
User 5's turn.
  => No improvement found; user 5 stays with old report.
  Old utility = 0.9769365564043708
  New utility = 0.9769365564043708
  Honest utility = 0.9733802598867455
  Incentive Alignment = 0.9055063714945776
  Allocation after user 5: [0.32844474874632185, 0.14741877985941193, 0.2368779064122973, 0.28725856498196883]
Converged! Maximum improvement in utility < 0.0001.
Final reports:
5×4 Matrix{Float64}:
 0.641026  0.102564   0.025641  0.230769
 0.72      0.18       0.02      0.08
 0.4       0.1        0.1       0.45625
 0.274159  0.104687   0.609495  0.10649
 0.228571  0.0571429  0.408036  0.357143
Final Allocation: [0.32844474874632185, 0.14741877985941193, 0.2368779064122973, 0.28725856498196883]
Overall Utility: 4.7321850280417666
