Optional points: [0.2766666666666666 0.32666666666666666 0.3966666666666666; 0.36 0.2799999999999999 0.36; 0.3666666666666667 0.2666666666666666 0.3666666666666667]
Starting allocation: [0.09583333333333344, 0.0645833333333334, 0.8395833333333331]

=== Round 1 ===
Current report matrix:
3×3 Matrix{Float64}:
 0.276667  0.326667  0.396667
 0.36      0.28      0.36
 0.366667  0.266667  0.366667
Current allocation: [0.09583333333333344, 0.0645833333333334, 0.8395833333333331]
Voter 1's turn.
  Best response = [0.25650205761316863, 0.4359465020576131, 0.36358024691358015]
  New allocation: [0.21294021294021293, 0.27927927927927915, 0.5077805077805079]
  => Voter 1 improves by switching to best response
  Old utility = 0.7493709290246509
  New utility = 0.984289198375801
  Honest utility = 0.7493709290246509
  Incentive Alignment = 0.9613514337574683
Voter 2's turn.
  Best response = [0.42833333333333334, 0.2799999999999999, 0.36]
  New allocation: [0.37878787878787895, 0.24242424242424232, 0.37878787878787873]
  => Voter 2 improves by switching to best response
  Old utility = 0.9693381920934736
  New utility = 0.9985059915800732
  Honest utility = 0.9693381920934736
  Incentive Alignment = 0.9385736559796906
Voter 3's turn.
  => No improvement found; voter 3 stays with old report.
  Old utility = 0.9992694397516094
  New utility = 0.9992694397516094
  Honest utility = 0.9992694397516094
  Incentive Alignment = 0.9385736559796906

=== Round 2 ===
Current report matrix:
3×3 Matrix{Float64}:
 0.256502  0.435947  0.36358
 0.428333  0.28      0.36
 0.366667  0.266667  0.366667
Current allocation: [0.37878787878787895, 0.24242424242424232, 0.37878787878787873]
Voter 1's turn.
  => No improvement found; voter 1 stays with old report.
  Old utility = 0.9849695274327355
  New utility = 0.9849695274327355
  Honest utility = 0.941718637476006
  Incentive Alignment = 0.9385736559796906
Voter 2's turn.
  => No improvement found; voter 2 stays with old report.
  Old utility = 0.9985059915800732
  New utility = 0.9985059915800732
  Honest utility = 0.9693381920934736
  Incentive Alignment = 0.9385736559796906
Voter 3's turn.
  => No improvement found; voter 3 stays with old report.
  Old utility = 0.9992694397516094
  New utility = 0.9992694397516094
  Honest utility = 0.9992694397516094
  Incentive Alignment = 0.9385736559796906
Converged! Maximum improvement in utility < 0.0001.
Final reports:
3×3 Matrix{Float64}:
 0.256502  0.435947  0.36358
 0.428333  0.28      0.36
 0.366667  0.266667  0.366667
Final Allocation: [0.37878787878787895, 0.24242424242424232, 0.37878787878787873]
Mean Utility: 0.9942483195881393
Optimality: 0.9942483195881393
Envy: 1.4299912318873953
Incentive Alignment: 0.9385736559796906
