Optional points: [0.3083700440528634 0.3303964757709251 0.36123348017621143; 0.3435114503816794 0.3129770992366412 0.3435114503816794; 0.3478260869565218 0.30434782608695654 0.3478260869565218]
Starting allocation: [0.29763027835658723, 0.24150301620376405, 0.46086670543964875]

=== Round 1 ===
Current report matrix:
3×3 Matrix{Float64}:
 0.30837   0.330396  0.361233
 0.343511  0.312977  0.343511
 0.347826  0.304348  0.347826
User 1's turn.
  Best response = [0.3083700440528634, 0.3937958883994126, 0.36123348017621143]
  => User 1 improves by switching to best response
  => User 1's new report: [0.3083700440528634, 0.3937958883994126, 0.36123348017621143]
  Old utility = 0.991949787082647
  New utility = 1.0011126527027652
  Honest utility = 0.991949787082647
  Incentive Alignment = 0.9788668624571709
  Allocation after user 1: [0.3018317077450493, 0.3158338135364773, 0.3823344787184735]
User 2's turn.
  Best response = [0.4090966921119593, 0.3129770992366412, 0.3435114503816794]
  => User 2 improves by switching to best response
  => User 2's new report: [0.4090966921119593, 0.3129770992366412, 0.3435114503816794]
  Old utility = 0.9975033292902562
  New utility = 1.0009222682230932
  Honest utility = 0.9975033292902562
  Incentive Alignment = 0.9570051152137443
  Allocation after user 2: [0.3526364567749659, 0.2947270864500683, 0.3526364567749658]
User 3's turn.
  => No improvement found; user 3 stays with old report.
  Old utility = 1.0007876254809474
  New utility = 1.0007876254809474
  Honest utility = 1.0007876254809474
  Incentive Alignment = 0.9570051152137443
  Allocation after user 3: [0.3526364567749659, 0.2947270864500683, 0.3526364567749658]

=== Round 2 ===
Current report matrix:
3×3 Matrix{Float64}:
 0.30837   0.393796  0.361233
 0.409097  0.312977  0.343511
 0.347826  0.304348  0.347826
User 1's turn.
  => No improvement found; user 1 stays with old report.
  Old utility = 0.9945521336063808
  New utility = 0.9945521336063808
  Honest utility = 0.9874763570745484
  Incentive Alignment = 0.9570051152137443
  Allocation after user 1: [0.3526364567749659, 0.2947270864500683, 0.3526364567749658]
User 2's turn.
  => No improvement found; user 2 stays with old report.
  Old utility = 1.0009222682230932
  New utility = 1.0009222682230932
  Honest utility = 0.9975033292902562
  Incentive Alignment = 0.9570051152137443
  Allocation after user 2: [0.3526364567749659, 0.2947270864500683, 0.3526364567749658]
User 3's turn.
  => No improvement found; user 3 stays with old report.
  Old utility = 1.0007876254809474
  New utility = 1.0007876254809474
  Honest utility = 1.0007876254809474
  Incentive Alignment = 0.9570051152137443
  Allocation after user 3: [0.3526364567749659, 0.2947270864500683, 0.3526364567749658]
Converged! Maximum improvement in utility < 0.0001.
Final reports:
3×3 Matrix{Float64}:
 0.30837   0.393796  0.361233
 0.409097  0.312977  0.343511
 0.347826  0.304348  0.347826
Final Allocation: [0.3526364567749659, 0.2947270864500683, 0.3526364567749658]
Mean Utility: 0.9987540091034738
Optimality: 0.9987540091034738
Envy: 0.00637013461671232
Incentive Alignment: 0.9570051152137443
