Optimal points: [0.641025641025641 0.1025641025641026 0.025641025641025623 0.23076923076923067; 0.72 0.17999999999999997 0.01999999999999996 0.07999999999999997; 0.4 0.09999999999999998 0.09999999999999998 0.4; 0.3076923076923077 0.0769230769230769 0.3076923076923077 0.3076923076923077; 0.22857142857142856 0.05714285714285713 0.35714285714285715 0.35714285714285715]
Starting allocation: [0.25000000000000017, 0.25000000000000006, 0.25, 0.2499999999999999]

=== Round 1 ===
Current report matrix:
5×4 Matrix{Float64}:
 0.641026  0.102564   0.025641  0.230769
 0.72      0.18       0.02      0.08
 0.4       0.1        0.1       0.4
 0.307692  0.0769231  0.307692  0.307692
 0.228571  0.0571429  0.357143  0.357143
Current allocation: [0.25000000000000017, 0.25000000000000006, 0.25, 0.2499999999999999]
Voter 1's turn.
  => No improvement found; voter 1 stays with old report.
  Old utility = 0.8807048459279794
  New utility = 0.8807048459279794
  Honest utility = 0.8807048459279794
  Incentive Alignment = 1.0
Voter 2's turn.
  => No improvement found; voter 2 stays with old report.
  Old utility = 0.8485281374238572
  New utility = 0.8485281374238572
  Honest utility = 0.8485281374238572
  Incentive Alignment = 1.0
Voter 3's turn.
  => No improvement found; voter 3 stays with old report.
  Old utility = 0.9486832980505139
  New utility = 0.9486832980505139
  Honest utility = 0.9486832980505139
  Incentive Alignment = 1.0
Voter 4's turn.
  => No improvement found; voter 4 stays with old report.
  Old utility = 0.9707253433941511
  New utility = 0.9707253433941511
  Honest utility = 0.9707253433941511
  Incentive Alignment = 1.0
Voter 5's turn.
  => No improvement found; voter 5 stays with old report.
  Old utility = 0.956182887467515
  New utility = 0.9561828874675151
  Honest utility = 0.956182887467515
  Incentive Alignment = 1.0
Converged! Maximum improvement in utility < 0.0001.
Final reports:
5×4 Matrix{Float64}:
 0.641026  0.102564   0.025641  0.230769
 0.72      0.18       0.02      0.08
 0.4       0.1        0.1       0.4
 0.307692  0.0769231  0.307692  0.307692
 0.228571  0.0571429  0.357143  0.357143
Final Allocation: [0.25000000000000017, 0.25000000000000006, 0.25, 0.2499999999999999]
Mean Utility: 0.9209649024528034
Optimality: 0.9209649024528034
Envy: 12.219720597029383
Incentive Alignment: 1.0
