Optimal points: [0.641025641025641 0.10256410256410257 0.025641025641025644 0.23076923076923075; 0.72 0.18 0.020000000000000004 0.08000000000000002; 0.3896499238964993 0.09741248097412482 0.12328767123287669 0.3896499238964993; 0.24227441285537699 0.07911001236093945 0.27812113720642767 0.4004944375772559; 0.22542901716068642 0.04992199687987521 0.31201248049922 0.4126365054602184]
Starting allocation: [0.3266946529316504, 0.16051992595535358, 0.18609076818134565, 0.32669465293165034]

=== Round 1 ===
Current report matrix:
5×4 Matrix{Float64}:
 0.641026  0.102564   0.025641  0.230769
 0.72      0.18       0.02      0.08
 0.38965   0.0974125  0.123288  0.38965
 0.242274  0.07911    0.278121  0.400494
 0.225429  0.049922   0.312012  0.412637
Current allocation: [0.3266946529316504, 0.16051992595535358, 0.18609076818134565, 0.32669465293165034]
Voter 1's turn.
  => No improvement found; voter 1 stays with old report.
  Old utility = 0.9295852242478235
  New utility = 0.9295852242478235
  Honest utility = 0.9295852242478235
  Incentive Alignment = 1.0
Voter 2's turn.
  Best response = [0.7271695821119496, 0.1513218781793605, 0.020000000000000004, 0.08000000000000002]
  New allocation: [0.32905799909096173, 0.15723958624330509, 0.18626085271973566, 0.3274415619459976]
  => Voter 2 improves by switching to best response
  Old utility = 0.8776478192841481
  New utility = 0.8778656760037455
  Honest utility = 0.8776478192841481
  Incentive Alignment = 0.9940878512237278
Voter 3's turn.
  Best response = [0.6181015006926445, 0.0039106982739760075, 0.018994877701683153, 0.666026939261679]
  New allocation: [0.35998257444873477, 0.1302347247909886, 0.1563008924387335, 0.35348180832154313]
  => Voter 3 improves by switching to best response
  Old utility = 0.990568582945782
  New utility = 0.9970987752007078
  Honest utility = 0.990568582945782
  Incentive Alignment = 0.9170959171751651
Voter 4's turn.
  Best response = [0.1877522525150785, 0.044546744319505546, 0.42655256846631856, 0.6126355168845952]
  New allocation: [0.3663024905685863, 0.11277321633341743, 0.15738688931118194, 0.3635374037868144]
  => Voter 4 improves by switching to best response
  Old utility = 0.9815747478053254
  New utility = 0.9831436618779094
  Honest utility = 0.9815747478053254
  Incentive Alignment = 0.8637281318430305
Voter 5's turn.
  Best response = [0.3706747879290172, 0.026502778861154472, 0.276659699200468, 0.6566049751365057]
  New allocation: [0.3766187198015861, 0.09511674015628264, 0.15431965485485544, 0.37394488518727587]
  => Voter 5 improves by switching to best response
  Old utility = 0.9713014046036027
  New utility = 0.9725310653795187
  Honest utility = 0.9713014046036027
  Incentive Alignment = 0.8063120271195501

=== Round 2 ===
Current report matrix:
5×4 Matrix{Float64}:
 0.641026  0.102564   0.025641   0.230769
 0.72717   0.151322   0.02       0.08
 0.618102  0.0039107  0.0189949  0.666027
 0.187752  0.0445467  0.426553   0.612636
 0.370675  0.0265028  0.27666    0.656605
Current allocation: [0.3766187198015861, 0.09511674015628264, 0.15431965485485544, 0.37394488518727587]
Voter 1's turn.
  Best response = [0.9635770499656772, 0.0608692870341794, 0.015324693783691936, 0.26506286965503495]
  New allocation: [0.3914523880875089, 0.07589245421087477, 0.14833427262817406, 0.3843208850734423]
  => Voter 1 improves by switching to best response
  Old utility = 0.9467817118375771
  New utility = 0.9486360083779398
  Honest utility = 0.9467817118375771
  Incentive Alignment = 0.7408718714283241
Voter 2's turn.
  Best response = [0.7351185946471885, 0.16905242303020224, 0.0007891964912414562, 0.15746480703353888]
  New allocation: [0.4029349087175386, 0.07846408316992629, 0.10695845738691626, 0.41164255072561884]
  => Voter 2 improves by switching to best response
  Old utility = 0.8775819092413003
  New utility = 0.8851852645111108
  Honest utility = 0.8775819092413003
  Incentive Alignment = 0.7303910062708363
Voter 3's turn.
  Best response = [0.4779312928131971, 0.027456807983506915, 0.044229960854790626, 0.4781720554623504]
  New allocation: [0.3896499230723316, 0.09741248188415287, 0.12328767202493356, 0.3896499230185819]
  => Voter 3 improves by switching to best response
  Old utility = 0.9989916586132087
  New utility = 1.0000000000000002
  Honest utility = 0.9907590609744537
  Incentive Alignment = 0.7746576072402303
Voter 4's turn.
  Best response = [0.20456278811004874, 0.08212043952420134, 0.22004900791806573, 0.7143865742875724]
  New allocation: [0.3852610349058039, 0.10726750793870167, 0.12465779944200067, 0.38281365771349385]
  => Voter 4 improves by switching to best response
  Old utility = 0.9752425811726604
  New utility = 0.9753862684930713
  Honest utility = 0.9750514064708743
  Incentive Alignment = 0.7637348411666443
Voter 5's turn.
  => No improvement found; voter 5 stays with old report.
  Old utility = 0.9625425676190155
  New utility = 0.9626330225753598
  Honest utility = 0.9605013439812926
  Incentive Alignment = 0.7637348411666443

=== Round 3 ===
Current report matrix:
5×4 Matrix{Float64}:
 0.963577  0.0608693  0.0153247    0.265063
 0.735119  0.169052   0.000789196  0.157465
 0.477931  0.0274568  0.04423      0.478172
 0.204563  0.0821204  0.220049     0.714387
 0.370675  0.0265028  0.27666      0.656605
Current allocation: [0.3852610349058039, 0.10726750793870167, 0.12465779944200067, 0.38281365771349385]
Voter 1's turn.
  Best response = [0.8595255967442702, 0.011671644650963792, 0.017808162594612965, 0.3057666159627357]
  New allocation: [0.3914966191281742, 0.09344166697824088, 0.1227279973248172, 0.3923337165687678]
  => Voter 1 improves by switching to best response
  Old utility = 0.9556018385429293
  New utility = 0.9558483660300313
  Honest utility = 0.9523246840663043
  Incentive Alignment = 0.7795002020082077
Voter 2's turn.
  => No improvement found; voter 2 stays with old report.
  Old utility = 0.887317873644806
  New utility = 0.887317873644806
  Honest utility = 0.8825159592752863
  Incentive Alignment = 0.7795002020082077
Voter 3's turn.
  => No improvement found; voter 3 stays with old report.
  Old utility = 0.9999756316149155
  New utility = 1.0
  Honest utility = 0.9928974051506144
  Incentive Alignment = 0.7795002020082077
Voter 4's turn.
  => No improvement found; voter 4 stays with old report.
  Old utility = 0.9750993201384657
  New utility = 0.9750993201384657
  Honest utility = 0.9750993201384656
  Incentive Alignment = 0.7795002020082077
Voter 5's turn.
  => No improvement found; voter 5 stays with old report.
  Old utility = 0.9634184187097152
  New utility = 0.963465038930718
  Honest utility = 0.960651215050062
  Incentive Alignment = 0.7795002020082077

=== Round 4 ===
Current report matrix:
5×4 Matrix{Float64}:
 0.859526  0.0116716  0.0178082    0.305767
 0.735119  0.169052   0.000789196  0.157465
 0.477931  0.0274568  0.04423      0.478172
 0.204563  0.0821204  0.220049     0.714387
 0.370675  0.0265028  0.27666      0.656605
Current allocation: [0.3914966191281742, 0.09344166697824088, 0.1227279973248172, 0.3923337165687678]
Voter 1's turn.
  => No improvement found; voter 1 stays with old report.
  Old utility = 0.9558483660300313
  New utility = 0.9558483660300313
  Honest utility = 0.9523246840663043
  Incentive Alignment = 0.7795002020082077
Voter 2's turn.
  => No improvement found; voter 2 stays with old report.
  Old utility = 0.887317873644806
  New utility = 0.887317873644806
  Honest utility = 0.8825159592752863
  Incentive Alignment = 0.7795002020082077
Voter 3's turn.
  => No improvement found; voter 3 stays with old report.
  Old utility = 0.9999756316149155
  New utility = 1.0
  Honest utility = 0.9928974051506144
  Incentive Alignment = 0.7795002020082077
Voter 4's turn.
  => No improvement found; voter 4 stays with old report.
  Old utility = 0.9750993201384657
  New utility = 0.9750993201384657
  Honest utility = 0.9750993201384656
  Incentive Alignment = 0.7795002020082077
Voter 5's turn.
  => No improvement found; voter 5 stays with old report.
  Old utility = 0.9634184187097152
  New utility = 0.963465038930718
  Honest utility = 0.960651215050062
  Incentive Alignment = 0.7795002020082077
Converged! Maximum improvement in utility < 0.0001.
Final reports:
5×4 Matrix{Float64}:
 0.859526  0.0116716  0.0178082    0.305767
 0.735119  0.169052   0.000789196  0.157465
 0.477931  0.0274568  0.04423      0.478172
 0.204563  0.0821204  0.220049     0.714387
 0.370675  0.0265028  0.27666      0.656605
Final Allocation: [0.3914966191281742, 0.09344166697824088, 0.1227279973248172, 0.3923337165687678]
Mean Utility: 0.9563319220275869
Optimality: 0.9563319220275869
Envy: 11.265775797010956
Incentive Alignment: 0.7795002020082077
