Optimal points: [0.641025641025641 0.10256410256410257 0.025641025641025644 0.23076923076923075; 0.72 0.18 0.020000000000000004 0.08000000000000002; 0.3896499238964993 0.09741248097412482 0.12328767123287669 0.3896499238964993; 0.24227441285537699 0.07911001236093945 0.27812113720642767 0.4004944375772559; 0.22542901716068642 0.04992199687987521 0.31201248049922 0.4126365054602184]
Starting allocation: [0.3266946529316504, 0.16051992595535358, 0.18609076818134565, 0.32669465293165034]

=== Round 1 ===
Current report matrix:
5×4 Matrix{Float64}:
 0.641026  0.102564   0.025641  0.230769
 0.72      0.18       0.02      0.08
 0.38965   0.0974125  0.123288  0.38965
 0.242274  0.07911    0.278121  0.400494
 0.225429  0.049922   0.312012  0.412637
Current allocation: [0.3266946529316504, 0.16051992595535358, 0.18609076818134565, 0.32669465293165034]
Voter 1's turn.
  => No improvement found; voter 1 stays with old report.
  Old utility = 0.9295852242478235
  New utility = 0.9295852242478235
  Honest utility = 0.9295852242478235
  Incentive Alignment = 1.0
Voter 2's turn.
  Best response = [0.7271695821119496, 0.1513218781793605, 0.020000000000000004, 0.08000000000000002]
  New allocation: [0.32905799909096173, 0.15723958624330509, 0.18626085271973566, 0.3274415619459976]
  => Voter 2 improves by switching to best response
  Old utility = 0.8776478192841481
  New utility = 0.8778656760037455
  Honest utility = 0.8776478192841481
  Incentive Alignment = 0.9940878512237278
Voter 3's turn.
  Best response = [0.6181015006926445, 0.0039106982739760075, 0.018994877701683153, 0.666026939261679]
  New allocation: [0.35998257444873477, 0.1302347247909886, 0.1563008924387335, 0.35348180832154313]
  => Voter 3 improves by switching to best response
  Old utility = 0.990568582945782
  New utility = 0.9970987752007078
  Honest utility = 0.990568582945782
  Incentive Alignment = 0.9170959171751651
Voter 4's turn.
  Best response = [0.1877522525150785, 0.044546744319505546, 0.42655256846631856, 0.6126355168845952]
  New allocation: [0.3663024905685863, 0.11277321633341743, 0.15738688931118194, 0.3635374037868144]
  => Voter 4 improves by switching to best response
  Old utility = 0.9815747478053254
  New utility = 0.9831436618779094
  Honest utility = 0.9815747478053254
  Incentive Alignment = 0.8637281318430305
Voter 5's turn.
  Best response = [0.3706747879290172, 0.026502778861154472, 0.276659699200468, 0.6566049751365057]
  New allocation: [0.37661871980158607, 0.09511674015628263, 0.1543196548548554, 0.3739448851872758]
  => Voter 5 improves by switching to best response
  Old utility = 0.9713014046036027
  New utility = 0.9725310653795187
  Honest utility = 0.9713014046036027
  Incentive Alignment = 0.8063120271195501

=== Round 2 ===
Current report matrix:
5×4 Matrix{Float64}:
 0.641026  0.102564   0.025641   0.230769
 0.72717   0.151322   0.02       0.08
 0.618102  0.0039107  0.0189949  0.666027
 0.187752  0.0445467  0.426553   0.612636
 0.370675  0.0265028  0.27666    0.656605
Current allocation: [0.37661871980158607, 0.09511674015628263, 0.1543196548548554, 0.3739448851872758]
Voter 1's turn.
  Best response = [0.9892440843996408, 0.027176562382052072, 0.013048650027269834, 0.29668533131682595]
  New allocation: [0.3914523880875088, 0.07589245421087477, 0.14833427262817406, 0.3843208850734423]
  => Voter 1 improves by switching to best response
  Old utility = 0.9467817118375771
  New utility = 0.9486360083779398
  Honest utility = 0.9467817118375771
  Incentive Alignment = 0.7338019269250224
Voter 2's turn.
  Best response = [0.7351185946471885, 0.16905242303020224, 0.0007891964912414562, 0.15746480703353888]
  New allocation: [0.40427940396678863, 0.07877430233926072, 0.10287529774903677, 0.4140709959449139]
  => Voter 2 improves by switching to best response
  Old utility = 0.8775819092413003
  New utility = 0.8859609209868455
  Honest utility = 0.8775819092413003
  Incentive Alignment = 0.7233210617675349
Voter 3's turn.
  Best response = [0.4739844534815973, 0.027230065087430345, 0.04386470227229013, 0.47422322859528343]
  New allocation: [0.3896499229245985, 0.0974124819794816, 0.12328767202019068, 0.38964992307572915]
  => Voter 3 improves by switching to best response
  Old utility = 0.9987912237127338
  New utility = 1.0000000000000002
  Honest utility = 0.9931022575792202
  Incentive Alignment = 0.7683764736220825
Voter 4's turn.
  Best response = [0.1766076156784342, 0.05784238023943601, 0.41910643458403235, 0.5505134371766643]
  New allocation: [0.3875691428382924, 0.10200667654013355, 0.12392922920761745, 0.38649495141395657]
  => Voter 4 improves by switching to best response
  Old utility = 0.9752425811827752
  New utility = 0.9753459750673062
  Honest utility = 0.9753459750673062
  Incentive Alignment = 0.7783175414890472
Voter 5's turn.
  Best response = [0.6149373350696938, 0.01159949799456203, 0.2621705800428546, 0.8882818306547804]
  New allocation: [0.3899673314728115, 0.09847045049980288, 0.12343663297761161, 0.38812558504977407]
  => Voter 5 improves by switching to best response
  Old utility = 0.9629362598604493
  New utility = 0.9630518770993455
  Honest utility = 0.9608972398575911
  Incentive Alignment = 0.712136229724696

=== Round 3 ===
Current report matrix:
5×4 Matrix{Float64}:
 0.989244  0.0271766  0.0130487    0.296685
 0.735119  0.169052   0.000789196  0.157465
 0.473984  0.0272301  0.0438647    0.474223
 0.176608  0.0578424  0.419106     0.550513
 0.614937  0.0115995  0.262171     0.888282
Current allocation: [0.3899673314728115, 0.09847045049980288, 0.12343663297761161, 0.38812558504977407]
Voter 1's turn.
  => No improvement found; voter 1 stays with old report.
  Old utility = 0.9560124005867178
  New utility = 0.9560446091256757
  Honest utility = 0.9524549590933656
  Incentive Alignment = 0.712136229724696
Voter 2's turn.
  => No improvement found; voter 2 stays with old report.
  Old utility = 0.8889141069421925
  New utility = 0.8889141069421925
  Honest utility = 0.8840222535531712
  Incentive Alignment = 0.712136229724696
Voter 3's turn.
  => No improvement found; voter 3 stays with old report.
  Old utility = 0.9999977697902388
  New utility = 1.0000000000000002
  Honest utility = 0.9931751036719245
  Incentive Alignment = 0.712136229724696
Voter 4's turn.
  => No improvement found; voter 4 stays with old report.
  Old utility = 0.9751814906034817
  New utility = 0.9751814906034817
  Honest utility = 0.9751814906034817
  Incentive Alignment = 0.712136229724696
Voter 5's turn.
  => No improvement found; voter 5 stays with old report.
  Old utility = 0.9630518770993455
  New utility = 0.9630518770993455
  Honest utility = 0.9608972398575911
  Incentive Alignment = 0.712136229724696
Converged! Maximum improvement in utility < 0.0001.
Final reports:
5×4 Matrix{Float64}:
 0.989244  0.0271766  0.0130487    0.296685
 0.735119  0.169052   0.000789196  0.157465
 0.473984  0.0272301  0.0438647    0.474223
 0.176608  0.0578424  0.419106     0.550513
 0.614937  0.0115995  0.262171     0.888282
Final Allocation: [0.3899673314728115, 0.09847045049980288, 0.12343663297761161, 0.38812558504977407]
Mean Utility: 0.9566315290043953
Optimality: 0.9566315290043953
Envy: 11.108366284804628
Incentive Alignment: 0.712136229724696
