Optional points: [0.2766666666666666 0.32666666666666666 0.3966666666666666; 0.36 0.2799999999999999 0.36; 0.3666666666666667 0.2666666666666666 0.3666666666666667]
Starting allocation: [0.34727078536450245, 0.305458429270995, 0.3472707853645027]

=== Round 1 ===
Current report matrix:
3×3 Matrix{Float64}:
 0.276667  0.326667  0.396667
 0.36      0.28      0.36
 0.366667  0.266667  0.366667
Current allocation: [0.34727078536450245, 0.305458429270995, 0.3472707853645027]
Voter 1's turn.
  Best response = [0.2766666666666666, 0.32666666666666666, 0.47111111111111104]
  New allocation: [0.34746486297693013, 0.3017467379447902, 0.3507883990782797]
  => Voter 1 improves by switching to best response
  Old utility = 0.99336738390689
  New utility = 0.9934823379595698
  Honest utility = 0.99336738390689
  Incentive Alignment = 0.9751851851851852
Voter 2's turn.
  Best response = [0.7396296296296297, 0.09666666666666657, 0.3751851851851852]
  New allocation: [0.3511410827755159, 0.29542203513683546, 0.3534368820876486]
  => Voter 2 improves by switching to best response
  Old utility = 0.9994956942275907
  New utility = 0.9997464770747155
  Honest utility = 0.9994956942275907
  Incentive Alignment = 0.8345673592830657
Voter 3's turn.
  Best response = [0.5279244548752248, 0.2879587949574357, 0.5279244585664692]
  New allocation: [0.3666666660145041, 0.2666666668097725, 0.36666666717572344]
  => Voter 3 improves by switching to best response
  Old utility = 0.9989699374273285
  New utility = 0.9999999999999998
  Honest utility = 0.9989699374273285
  Incentive Alignment = 0.7582191042397252

=== Round 2 ===
Current report matrix:
3×3 Matrix{Float64}:
 0.276667  0.326667   0.471111
 0.73963   0.0966667  0.375185
 0.527924  0.287959   0.527924
Current allocation: [0.3666666660145041, 0.2666666668097725, 0.36666666717572344]
Voter 1's turn.
  => No improvement found; voter 1 stays with old report.
  Old utility = 0.9893873885381874
  New utility = 0.9893873885381874
  Honest utility = 0.9893873885381874
  Incentive Alignment = 0.7582191042397252
Voter 2's turn.
  => No improvement found; voter 2 stays with old report.
  Old utility = 0.9998118886421118
  New utility = 0.9998118886421118
  Honest utility = 0.9996024117410828
  Incentive Alignment = 0.7582191042397252
Voter 3's turn.
  => No improvement found; voter 3 stays with old report.
  Old utility = 0.9999999999999998
  New utility = 0.9999999999999998
  Honest utility = 0.9989699374273285
  Incentive Alignment = 0.7582191042397252
Converged! Maximum improvement in utility < 0.0001.
Final reports:
3×3 Matrix{Float64}:
 0.276667  0.326667   0.471111
 0.73963   0.0966667  0.375185
 0.527924  0.287959   0.527924
Final Allocation: [0.3666666660145041, 0.2666666668097725, 0.36666666717572344]
Mean Utility: 0.9963997590600998
Optimality: 0.9963997590600998
Envy: 1.061261146181236
Incentive Alignment: 0.7582191042397252
