Optional points: [0.3083700440528634 0.3303964757709251 0.36123348017621143; 0.3435114503816794 0.3129770992366412 0.3435114503816794; 0.3478260869565218 0.30434782608695654 0.3478260869565218]
Starting allocation: [0.3385037788274881, 0.3229924423450238, 0.3385037788274881]

=== Round 1 ===
Current report matrix:
3×3 Matrix{Float64}:
 0.30837   0.330396  0.361233
 0.343511  0.312977  0.343511
 0.347826  0.304348  0.347826
User 1's turn.
  Best response = [0.3083700440528634, 0.3303964757709251, 0.42977239353891333]
  => User 1 improves by switching to best response
  => User 1's new report: [0.3083700440528634, 0.3303964757709251, 0.42977239353891333]
  Old utility = 0.9958263659313534
  New utility = 0.9960154640851863
  Honest utility = 0.9958263659313534
  Incentive Alignment = 0.9771536955457659
  Allocation after user 1: [0.33854975011676885, 0.3207440781028106, 0.3407061717804206]
User 2's turn.
  Best response = [0.7078739044387898, 0.11132315521628489, 0.3580859485439638]
  => User 2 improves by switching to best response
  => User 2's new report: [0.7078739044387898, 0.11132315521628489, 0.3580859485439638]
  Old utility = 0.9993917865017822
  New utility = 1.000098281738098
  Honest utility = 0.9993917865017822
  Incentive Alignment = 0.8382545606543846
  Allocation after user 2: [0.34101691713404997, 0.311303620506262, 0.3476794623596882]
User 3's turn.
  Best response = [0.5123109049949001, 0.2794423119302603, 0.5123109050681095]
  => User 3 improves by switching to best response
  => User 3's new report: [0.5123109049949001, 0.2794423119302603, 0.5123109050681095]
  Old utility = 0.9992685349934353
  New utility = 1.001768152333124
  Honest utility = 0.9992685349934353
  Incentive Alignment = 0.7602725147223385
  Allocation after user 3: [0.3666666666365043, 0.2666666667032586, 0.3666666666602371]

=== Round 2 ===
Current report matrix:
3×3 Matrix{Float64}:
 0.30837   0.330396  0.429772
 0.707874  0.111323  0.358086
 0.512311  0.279442  0.512311
User 1's turn.
  => No improvement found; user 1 stays with old report.
  Old utility = 0.9912864623144093
  New utility = 0.9912864623144093
  Honest utility = 0.9912864623144093
  Incentive Alignment = 0.7602725147223385
  Allocation after user 1: [0.3666666666365043, 0.2666666667032586, 0.3666666666602371]
User 2's turn.
  => No improvement found; user 2 stays with old report.
  Old utility = 1.0009636984785844
  New utility = 1.0009636984785844
  Honest utility = 0.9999342854570225
  Incentive Alignment = 0.7602725147223385
  Allocation after user 2: [0.3666666666365043, 0.2666666667032586, 0.3666666666602371]
User 3's turn.
  => No improvement found; user 3 stays with old report.
  Old utility = 1.001768152333124
  New utility = 1.001768152333124
  Honest utility = 0.9992685349934353
  Incentive Alignment = 0.7602725147223385
  Allocation after user 3: [0.3666666666365043, 0.2666666667032586, 0.3666666666602371]
Converged! Maximum improvement in utility < 0.0001.
Final reports:
3×3 Matrix{Float64}:
 0.30837   0.330396  0.429772
 0.707874  0.111323  0.358086
 0.512311  0.279442  0.512311
Final Allocation: [0.3666666666365043, 0.2666666667032586, 0.3666666666602371]
Overall Utility: 2.9940183131261175
