Optimal points: [0.2766666666666666 0.32666666666666666 0.3966666666666666; 0.36 0.2799999999999999 0.36; 0.36666666666666675 0.26666666666666666 0.36666666666666675]
Starting allocation: [0.3472707853645024, 0.3054584292709949, 0.3472707853645026]

=== Round 1 ===
Current report matrix:
3×3 Matrix{Float64}:
 0.276667  0.326667  0.396667
 0.36      0.28      0.36
 0.366667  0.266667  0.366667
Current allocation: [0.3472707853645024, 0.3054584292709949, 0.3472707853645026]
Voter 1's turn.
  Best response = [0.2766666666666666, 0.32666666666666666, 0.47111111111111104]
  New allocation: [0.3474648629769302, 0.30174673794479023, 0.35078839907827974]
  => Voter 1 improves by switching to best response
  Old utility = 0.9933673839068897
  New utility = 0.9934823379595699
  Honest utility = 0.9933673839068897
  Incentive Alignment = 0.9751851851851852
Voter 2's turn.
  Best response = [0.7396296296296297, 0.09666666666666657, 0.3751851851851852]
  New allocation: [0.3511410827755159, 0.29542203513683546, 0.3534368820876486]
  => Voter 2 improves by switching to best response
  Old utility = 0.999495694227591
  New utility = 0.9997464770747155
  Honest utility = 0.999495694227591
  Incentive Alignment = 0.8345673592830657
Voter 3's turn.
  Best response = [0.5279244548735423, 0.28795879485829373, 0.5279244583146144]
  New allocation: [0.36666666605946674, 0.26666666679854817, 0.3666666671419851]
  => Voter 3 improves by switching to best response
  Old utility = 0.9989699374273285
  New utility = 0.9999999999999998
  Honest utility = 0.9989699374273285
  Incentive Alignment = 0.7582191043022978

=== Round 2 ===
Current report matrix:
3×3 Matrix{Float64}:
 0.276667  0.326667   0.471111
 0.73963   0.0966667  0.375185
 0.527924  0.287959   0.527924
Current allocation: [0.36666666605946674, 0.26666666679854817, 0.3666666671419851]
Voter 1's turn.
  => No improvement found; voter 1 stays with old report.
  Old utility = 0.9893873885285313
  New utility = 0.9893873885285313
  Honest utility = 0.9893873885285313
  Incentive Alignment = 0.7582191043022978
Voter 2's turn.
  => No improvement found; voter 2 stays with old report.
  Old utility = 0.999811888641795
  New utility = 0.999811888641795
  Honest utility = 0.9996024117412943
  Incentive Alignment = 0.7582191043022978
Voter 3's turn.
  => No improvement found; voter 3 stays with old report.
  Old utility = 0.9999999999999998
  New utility = 0.9999999999999998
  Honest utility = 0.9989699374273285
  Incentive Alignment = 0.7582191043022978
Converged! Maximum improvement in utility < 0.0001.
Final reports:
3×3 Matrix{Float64}:
 0.276667  0.326667   0.471111
 0.73963   0.0966667  0.375185
 0.527924  0.287959   0.527924
Final Allocation: [0.36666666605946674, 0.26666666679854817, 0.3666666671419851]
Mean Utility: 0.9963997590567754
Optimality: 0.9963997590567754
Envy: 1.0612611471468525
Incentive Alignment: 0.7582191043022978
