Overall optimal point: [0.127153, 0.136702, 0.136893]
Overall optimal utility: 0.20250573333333335

=== Round 1 ===
Current report matrix:
3×3 Matrix{Float64}:
 0.83819   0.136702   0.0251085
 0.04141   0.821697   0.136893
 0.127153  0.0368667  0.835981
Current allocation: [0.3355841990996537, 0.3317551006312931, 0.33266070026905326]
Current user utilities: [-0.005211101800692619, 0.020116201262586175, -0.006639899461893473]
Current overall optimalities: 0.01360488229798281
Voter 1's turn.
  Best response = [0.9999500219030584, 1.4372697678876321e-7, 3.6044092937105284e-8]
  New allocation: [0.3895043406343528, 0.28618794790899227, 0.32429134534803095]
  => Voter 1 improves by switching to best response
  Old utility = -0.005211101800692619
  New utility = 0.10264554737732956
  Honest utility = -0.005211101800692619
  Incentive Alignment = 0.928909965414121
Voter 2's turn.
  Best response = [6.339557897847642e-8, 0.9999998985359086, 0.0036153741051450057]
  New allocation: [0.37525494565343287, 0.34521187821486427, 0.27953317613170275]
  => Voter 2 improves by switching to best response
  Old utility = -0.07100173807339161
  New utility = 0.04702975642972862
  Honest utility = -0.07100173807339161
  Incentive Alignment = 0.8534339706725568
Voter 3's turn.
  Best response = [3.400645060042408e-8, 3.564703178724336e-9, 0.9954903491077479]
  New allocation: [0.33331670643502936, 0.3333333486091962, 0.33303525308566195]
  => Voter 3 improves by switching to best response
  Old utility = -0.11289494773659436
  New utility = -0.005576101958563617
  Honest utility = -0.11289494773659436
  Incentive Alignment = 0.7843364047725223

=== Round 2 ===
Current report matrix:
3×3 Matrix{Float64}:
 0.99995     1.43727e-7  3.60441e-8
 6.33956e-8  1.0         0.00361537
 3.40065e-8  3.5647e-9   0.99549
Current allocation: [0.33331670643502936, 0.3333333486091962, 0.33303525308566195]
Current user utilities: [-0.009431395259828834, 0.023587389088504773, -0.005576101958563617]
Current overall optimalities: 0.014122878940896358
Voter 1's turn.
  => No improvement found; voter 1 stays with old report.
Voter 2's turn.
  Best response = [4.4249818551957205e-8, 0.9999383726486814, 2.3830542966378893e-9]
  New allocation: [0.3333167000531092, 0.33331283998012046, 0.3318301291782984]
  => Voter 2 improves by switching to best response
  Old utility = 0.023587389088504773
  New utility = 0.024772010748712825
  Honest utility = -0.09407609792322313
  Incentive Alignment = 0.7836368244293076
Voter 3's turn.
  Best response = [3.705621897445236e-8, 0.00021666270342035002, 0.9998868529393682]
  New allocation: [0.33331670106969863, 0.3333850596930261, 0.33329563045550514]
  => Voter 3 improves by switching to best response
  Old utility = -0.00676071085493124
  New utility = -0.005367430307219534
  Honest utility = -0.1146037147004626
  Incentive Alignment = 0.7825155025197023

=== Round 3 ===
Current report matrix:
3×3 Matrix{Float64}:
 0.99995     1.43727e-7   3.60441e-8
 4.42498e-8  0.999938     2.38305e-9
 3.70562e-8  0.000216663  0.999887
Current allocation: [0.33331670106969863, 0.3333850596930261, 0.33329563045550514]
Current user utilities: [-0.009743489078832601, 0.023378728167822382, -0.005367430307219534]
Current overall optimalities: 0.013609176467382727
Voter 1's turn.
  => No improvement found; voter 1 stays with old report.
Voter 2's turn.
  => No improvement found; voter 2 stays with old report.
Voter 3's turn.
  Best response = [9.147467584299827e-9, 1.5373695371345644e-8, 0.9998833940940618]
  New allocation: [0.3333166917667815, 0.33331284391645116, 0.3332944775070697]
  => Voter 3 improves by switching to best response
  Old utility = -0.005367430307219534
  New utility = -0.005296358176162919
  Honest utility = -0.1146037147004626
  Incentive Alignment = 0.7825037937145357

=== Round 4 ===
Current report matrix:
3×3 Matrix{Float64}:
 0.99995     1.43727e-7  3.60441e-8
 4.42498e-8  0.999938    2.38305e-9
 9.14747e-9  1.53737e-8  0.999883
Current allocation: [0.3333166917667815, 0.33331284391645116, 0.3332944775070697]
Current user utilities: [-0.00967012965673919, 0.023307674642599974, -0.005296358176162919]
Current overall optimalities: 0.013729959924917127
Voter 1's turn.
  => No improvement found; voter 1 stays with old report.
Voter 2's turn.
  => No improvement found; voter 2 stays with old report.
Voter 3's turn.
  => No improvement found; voter 3 stays with old report.
Converged! Maximum improvement in utility < 1.0e-5.
Final reports:
3×3 Matrix{Float64}:
 0.99995     1.43727e-7  3.60441e-8
 4.42498e-8  0.999938    2.38305e-9
 9.14747e-9  1.53737e-8  0.999883
Final Allocation: [0.3333166917667815, 0.33331284391645116, 0.3332944775070697]
Mean Utility: 0.0027803956032326216
Optimality: 0.0027803956032326216
Envy: 3.2977804299339164
Incentive Alignment: 0.7825037937145357
