Optimal points: [0.16666666666666674 0.7666666666666668 0.06666666666666687; 0.8999999999999999 0.09999999999999987 0.0; 0.41666666666666663 0.16666666666666663 0.41666666666666663]
Starting allocation: [0.33333333333333337, 0.33333333333333337, 0.3333333333333333]

=== Round 1 ===
Current report matrix:
3×3 Matrix{Float64}:
 0.166667  0.766667  0.0666667
 0.9       0.1       0.0
 0.416667  0.166667  0.416667
Current allocation: [0.33333333333333337, 0.33333333333333337, 0.3333333333333333]
Voter 1's turn.
  => No improvement found; voter 1 stays with old report.
  Old utility = 0.8933002481389577
  New utility = 0.8933002481389577
  Honest utility = 0.8933002481389577
  Incentive Alignment = 1.0
Voter 2's turn.
  => No improvement found; voter 2 stays with old report.
  Old utility = 0.827814569536424
  New utility = 0.827814569536424
  Honest utility = 0.827814569536424
  Incentive Alignment = 1.0
Voter 3's turn.
  => No improvement found; voter 3 stays with old report.
  Old utility = 0.9805447470817121
  New utility = 0.9805447470817121
  Honest utility = 0.9805447470817121
  Incentive Alignment = 1.0
Converged! Maximum improvement in utility < 0.0001.
Final reports:
3×3 Matrix{Float64}:
 0.166667  0.766667  0.0666667
 0.9       0.1       0.0
 0.416667  0.166667  0.416667
Final Allocation: [0.33333333333333337, 0.33333333333333337, 0.3333333333333333]
Mean Utility: 0.9005531882523646
Optimality: 0.9005531882523646
Envy: 15.273017754528817
Incentive Alignment: 1.0
