Optimal points: [0.24448217317487267 0.5500848896434636 0.2054329371816639; 0.6113870844478411 0.22009935040122278 0.1685135651509362; 0.3770217512548801 0.2459564974902398 0.3770217512548801]
Starting allocation: [0.33333333333333337, 0.33333333333333337, 0.3333333333333333]

=== Round 1 ===
Current report matrix:
3×3 Matrix{Float64}:
 0.244482  0.550085  0.205433
 0.611387  0.220099  0.168514
 0.377022  0.245956  0.377022
Current allocation: [0.33333333333333337, 0.33333333333333337, 0.3333333333333333]
Voter 1's turn.
  => No improvement found; voter 1 stays with old report.
  Old utility = 0.9753614395431034
  New utility = 0.9753614395431034
  Honest utility = 0.9753614395431034
  Incentive Alignment = 1.0
Voter 2's turn.
  => No improvement found; voter 2 stays with old report.
  Old utility = 0.959304401325909
  New utility = 0.959304401325909
  Honest utility = 0.959304401325909
  Incentive Alignment = 1.0
Voter 3's turn.
  => No improvement found; voter 3 stays with old report.
  Old utility = 0.9953414448979737
  New utility = 0.9953414448979737
  Honest utility = 0.9953414448979737
  Incentive Alignment = 1.0
Converged! Maximum improvement in utility < 0.0001.
Final reports:
3×3 Matrix{Float64}:
 0.244482  0.550085  0.205433
 0.611387  0.220099  0.168514
 0.377022  0.245956  0.377022
Final Allocation: [0.33333333333333337, 0.33333333333333337, 0.3333333333333333]
Mean Utility: 0.9766690952556621
Optimality: 0.9766690952556621
Envy: 3.603704357206472
Incentive Alignment: 1.0
