Optimal points: [0.641025641025641 0.10256410256410257 0.025641025641025644 0.23076923076923075; 0.72 0.18 0.020000000000000004 0.08000000000000002; 0.3896499238964993 0.09741248097412482 0.12328767123287669 0.3896499238964993; 0.24227441285537699 0.07911001236093945 0.27812113720642767 0.4004944375772559; 0.22542901716068642 0.04992199687987521 0.31201248049922 0.4126365054602184]
Starting allocation: [0.31346885305944533, 0.1526105480227325, 0.19655246863870918, 0.337368130279113]

=== Round 1 ===
Current report matrix:
5×4 Matrix{Float64}:
 0.641026  0.102564   0.025641  0.230769
 0.72      0.18       0.02      0.08
 0.38965   0.0974125  0.123288  0.38965
 0.242274  0.07911    0.278121  0.400494
 0.225429  0.049922   0.312012  0.412637
Current allocation: [0.31346885305944533, 0.1526105480227325, 0.19655246863870918, 0.337368130279113]
Voter 1's turn.
  => No improvement found; voter 1 stays with old report.
  Old utility = 0.9233897005384615
  New utility = 0.9233897005384615
  Honest utility = 0.9233897005384615
  Incentive Alignment = 1.0
Voter 2's turn.
  => No improvement found; voter 2 stays with old report.
  Old utility = 0.8677995872865415
  New utility = 0.8677995872865415
  Honest utility = 0.8677995872865415
  Incentive Alignment = 1.0
Voter 3's turn.
  Best response = [0.46996439058486733, 0.09174415437416762, 0.13042690329355733, 0.41500815009780495]
  New allocation: [0.33481972364919915, 0.1456747401040751, 0.19302614221990344, 0.32647939402682236]
  => Voter 3 improves by switching to best response
  Old utility = 0.9896524865359557
  New utility = 0.9912539726018718
  Honest utility = 0.9896524865359557
  Incentive Alignment = 0.9830570938072908
Voter 4's turn.
  Best response = [0.217121402471705, 0.06401539391139237, 0.3762630825726447, 0.3526651483825759]
  New allocation: [0.3274885238687397, 0.14554194638715676, 0.22123230735377356, 0.3057372223903301]
  => Voter 4 improves by switching to best response
  Old utility = 0.9854616717512417
  New utility = 0.9869538692894264
  Honest utility = 0.9854616717512417
  Incentive Alignment = 0.9604473580435695
Voter 5's turn.
  => No improvement found; voter 5 stays with old report.
  Old utility = 0.9748657759117877
  New utility = 0.9749613063223599
  Honest utility = 0.9748657759117877
  Incentive Alignment = 0.9604473580435695

=== Round 2 ===
Current report matrix:
5×4 Matrix{Float64}:
 0.641026  0.102564   0.025641  0.230769
 0.72      0.18       0.02      0.08
 0.469964  0.0917442  0.130427  0.415008
 0.217121  0.0640154  0.376263  0.352665
 0.225429  0.049922   0.312012  0.412637
Current allocation: [0.3274885238687397, 0.14554194638715676, 0.22123230735377356, 0.3057372223903301]
Voter 1's turn.
  => No improvement found; voter 1 stays with old report.
  Old utility = 0.9212954969862847
  New utility = 0.9212954969862847
  Honest utility = 0.9212954969862847
  Incentive Alignment = 0.9604473580435695
Voter 2's turn.
  => No improvement found; voter 2 stays with old report.
  Old utility = 0.8703521636206276
  New utility = 0.8703521636206276
  Honest utility = 0.8703521636206276
  Incentive Alignment = 0.9604473580435695
Voter 3's turn.
  => No improvement found; voter 3 stays with old report.
  Old utility = 0.9865943294038128
  New utility = 0.9865943294038128
  Honest utility = 0.9848599673117473
  Incentive Alignment = 0.9604473580435695
Voter 4's turn.
  => No improvement found; voter 4 stays with old report.
  Old utility = 0.9869538692894264
  New utility = 0.9869538692894264
  Honest utility = 0.9854616717512417
  Incentive Alignment = 0.9604473580435695
Voter 5's turn.
  => No improvement found; voter 5 stays with old report.
  Old utility = 0.9748657759117877
  New utility = 0.9749613063223599
  Honest utility = 0.9748657759117877
  Incentive Alignment = 0.9604473580435695
Converged! Maximum improvement in utility < 0.0001.
Final reports:
5×4 Matrix{Float64}:
 0.641026  0.102564   0.025641  0.230769
 0.72      0.18       0.02      0.08
 0.469964  0.0917442  0.130427  0.415008
 0.217121  0.0640154  0.376263  0.352665
 0.225429  0.049922   0.312012  0.412637
Final Allocation: [0.3274885238687397, 0.14554194638715676, 0.22123230735377356, 0.3057372223903301]
Mean Utility: 0.9480123270423878
Optimality: 0.9480123270423878
Envy: 11.660170566879879
Incentive Alignment: 0.9604473580435695
