Optional points: [0.8333333333333333 0.13333333333333336 0.033333333333333305; 0.782608695652174 0.19565217391304346 0.021739130434782566; 0.7619047619047619 0.19047619047619044 0.04761904761904763]
Starting allocation: [0.571495168157668, 0.3111466870726583, 0.11735814476967377]

=== Round 1 ===
Current report matrix:
3×3 Matrix{Float64}:
 0.833333  0.133333  0.0333333
 0.782609  0.195652  0.0217391
 0.761905  0.190476  0.047619
Current allocation: [0.571495168157668, 0.3111466870726583, 0.11735814476967377]
Voter 1's turn.
  Best response = [0.9634763604593418, 1.4776039993115445e-7, 1.0281506148028153e-13]
  New allocation: [0.619952880432687, 0.29373554283502906, 0.08631157673228392]
  => Voter 1 improves by switching to best response
  Old utility = 0.9563329340053639
  New utility = 0.9703069685366202
  Honest utility = 0.9563329340053639
  Incentive Alignment = 0.9369074251633615
Voter 2's turn.
  Best response = [0.9588807690739581, 6.125295909659727e-7, 8.970741604499111e-15]
  New allocation: [0.6825607806474003, 0.24909110154886252, 0.06834811780373715]
  => Voter 2 improves by switching to best response
  Old utility = 0.9795947371323019
  New utility = 0.9901818066138175
  Honest utility = 0.9795947371323019
  Incentive Alignment = 0.8488266748813
Voter 3's turn.
  Best response = [0.9859983329891681, 0.05689292827440324, 0.012535503522897826]
  New allocation: [0.7619047461758738, 0.19047620663236978, 0.04761904719175649]
  => Voter 3 improves by switching to best response
  Old utility = 0.9960129522853937
  New utility = 0.9999999999999998
  Honest utility = 0.9960129522853937
  Incentive Alignment = 0.761081290951951

=== Round 2 ===
Current report matrix:
3×3 Matrix{Float64}:
 0.963476  1.4776e-7  1.02815e-13
 0.958881  6.1253e-7  8.97074e-15
 0.985998  0.0568929  0.0125355
Current allocation: [0.7619047461758738, 0.19047620663236978, 0.04761904719175649]
Voter 1's turn.
  => No improvement found; voter 1 stays with old report.
  Old utility = 0.996023839467028
  New utility = 0.996023839467028
  Honest utility = 0.9795770517120754
  Incentive Alignment = 0.761081290951951
Voter 2's turn.
  => No improvement found; voter 2 stays with old report.
  Old utility = 0.9974086508082458
  New utility = 0.9974205472797351
  Honest utility = 0.9881016634418566
  Incentive Alignment = 0.761081290951951
Voter 3's turn.
  => No improvement found; voter 3 stays with old report.
  Old utility = 0.9999999999999998
  New utility = 0.9999999999999998
  Honest utility = 0.9960129522853937
  Incentive Alignment = 0.761081290951951
Converged! Maximum improvement in utility < 0.0001.
Final reports:
3×3 Matrix{Float64}:
 0.963476  1.4776e-7  1.02815e-13
 0.958881  6.1253e-7  8.97074e-15
 0.985998  0.0568929  0.0125355
Final Allocation: [0.7619047461758738, 0.19047620663236978, 0.04761904719175649]
Mean Utility: 0.9978108300917579
Optimality: 0.9978108300917579
Envy: 0.3976160532971784
Incentive Alignment: 0.761081290951951
