Optimal points: [0.8333333333333333 0.13333333333333336 0.033333333333333305; 0.782608695652174 0.19565217391304346 0.021739130434782566; 0.7619047619047619 0.19047619047619044 0.04761904761904763]
Starting allocation: [0.571495168157668, 0.3111466870726583, 0.11735814476967377]

=== Round 1 ===
Current report matrix:
3×3 Matrix{Float64}:
 0.833333  0.133333  0.0333333
 0.782609  0.195652  0.0217391
 0.761905  0.190476  0.047619
Current allocation: [0.571495168157668, 0.3111466870726583, 0.11735814476967377]
Voter 1's turn.
  Best response = [0.9634763604593418, 1.4776039993115445e-7, 1.0281506148028153e-13]
  New allocation: [0.619952880432687, 0.29373554283502906, 0.08631157673228392]
  => Voter 1 improves by switching to best response
  Old utility = 0.9563329340053639
  New utility = 0.9703069685366202
  Honest utility = 0.9563329340053639
  Incentive Alignment = 0.9369074251633615
Voter 2's turn.
  Best response = [0.9999997649709282, 0.00011231840365070584, 5.738022589578261e-12]
  New allocation: [0.6825356932923625, 0.2491188052701181, 0.06834550143751932]
  => Voter 2 improves by switching to best response
  Old utility = 0.9795947371323019
  New utility = 0.9901799132089422
  Honest utility = 0.9795947371323019
  Incentive Alignment = 0.8391734882029719
Voter 3's turn.
  Best response = [0.9860232413749508, 0.056776506589807214, 0.01251635831151378]
  New allocation: [0.7619047464645927, 0.19047620642772312, 0.04761904710768422]
  => Voter 3 improves by switching to best response
  Old utility = 0.9960107201125955
  New utility = 1.0
  Honest utility = 0.9960107201125955
  Incentive Alignment = 0.7514004873504131

=== Round 2 ===
Current report matrix:
3×3 Matrix{Float64}:
 0.963476  1.4776e-7    1.02815e-13
 1.0       0.000112318  5.73802e-12
 0.986023  0.0567765    0.0125164
Current allocation: [0.7619047464645927, 0.19047620642772312, 0.04761904710768422]
Voter 1's turn.
  => No improvement found; voter 1 stays with old report.
  Old utility = 0.9960238394972231
  New utility = 0.9960238394972231
  Honest utility = 0.9795763563852722
  Incentive Alignment = 0.7514004873504131
Voter 2's turn.
  => No improvement found; voter 2 stays with old report.
  Old utility = 0.997408650822447
  New utility = 0.997420508919253
  Honest utility = 0.98810316835475
  Incentive Alignment = 0.7514004873504131
Voter 3's turn.
  => No improvement found; voter 3 stays with old report.
  Old utility = 1.0
  New utility = 1.0
  Honest utility = 0.9960107201125955
  Incentive Alignment = 0.7514004873504131
Converged! Maximum improvement in utility < 0.0001.
Final reports:
3×3 Matrix{Float64}:
 0.963476  1.4776e-7    1.02815e-13
 1.0       0.000112318  5.73802e-12
 0.986023  0.0567765    0.0125164
Final Allocation: [0.7619047464645927, 0.19047620642772312, 0.04761904710768422]
Mean Utility: 0.9978108301065567
Optimality: 0.9978108301065567
Envy: 0.39761605027769376
Incentive Alignment: 0.7514004873504131
