Optimal points: [0.641025641025641 0.1025641025641026 0.025641025641025623 0.23076923076923067; 0.72 0.17999999999999997 0.01999999999999996 0.07999999999999997; 0.4 0.09999999999999998 0.09999999999999998 0.4; 0.3076923076923077 0.0769230769230769 0.3076923076923077 0.3076923076923077; 0.22857142857142856 0.05714285714285713 0.35714285714285715 0.35714285714285715]
Starting allocation: [0.33621941351976853, 0.18185599854656484, 0.19484550985071464, 0.28707907808295197]

=== Round 1 ===
Current report matrix:
5×4 Matrix{Float64}:
 0.641026  0.102564   0.025641  0.230769
 0.72      0.18       0.02      0.08
 0.4       0.1        0.1       0.4
 0.307692  0.0769231  0.307692  0.307692
 0.228571  0.0571429  0.357143  0.357143
Current allocation: [0.33621941351976853, 0.18185599854656484, 0.19484550985071464, 0.28707907808295197]
Voter 1's turn.
  Best response = [0.9999997198207414, 1.7746717100555292e-6, 7.0259517333297756e-12, 0.06419959994720159]
  New allocation: [0.3500237423975813, 0.17178073504050684, 0.18823002530246408, 0.28996549725944787]
  => Voter 1 improves by switching to best response
  Old utility = 0.9288904442671293
  New utility = 0.9345683040970534
  Honest utility = 0.9288904442671293
  Incentive Alignment = 0.9180770302156354
Voter 2's turn.
  Best response = [0.999586769381224, 0.38680985902872655, 2.066530378001089e-14, 1.7983860941165134e-6]
  New allocation: [0.35183903184727894, 0.18593715682978124, 0.17863006740229528, 0.2835937439206445]
  => Voter 2 improves by switching to best response
  Old utility = 0.8915181342831424
  New utility = 0.8966525645806691
  Honest utility = 0.8915181342831424
  Incentive Alignment = 0.8465959021702638
Voter 3's turn.
  Best response = [0.5421785615641982, 2.0215867300661556e-6, 2.466129161952674e-11, 0.9858491979889011]
  New allocation: [0.3629262274862539, 0.1808108920055472, 0.15546172763351132, 0.30080115287468767]
  => Voter 3 improves by switching to best response
  Old utility = 0.9819636260802599
  New utility = 0.9870350871540359
  Honest utility = 0.9819636260802599
  Incentive Alignment = 0.7227518677019841
Voter 4's turn.
  Best response = [8.096224629007504e-9, 6.510375568138019e-16, 0.8062787279265902, 3.8181468356765716e-5]
  New allocation: [0.33147540912331147, 0.16576551197346368, 0.19361461318426135, 0.30914446571896353]
  => Voter 4 improves by switching to best response
  Old utility = 0.9750423970289848
  New utility = 0.9847785535191856
  Honest utility = 0.9750423970289848
  Incentive Alignment = 0.5895105541661744
Voter 5's turn.
  Best response = [1.2241671792128191e-5, 3.0700766682127355e-8, 0.3353610814467931, 0.0022995903984016648]
  New allocation: [0.30882984302003474, 0.15589172965162226, 0.22502636331513068, 0.3102520640132123]
  => Voter 5 improves by switching to best response
  Old utility = 0.9678200345614262
  New utility = 0.9764326798031442
  Honest utility = 0.9678200345614262
  Incentive Alignment = 0.5042127712556288

=== Round 2 ===
Current report matrix:
5×4 Matrix{Float64}:
 1.0         1.77467e-6   7.02595e-12  0.0641996
 0.999587    0.38681      2.06653e-14  1.79839e-6
 0.542179    2.02159e-6   2.46613e-11  0.985849
 8.09622e-9  6.51038e-16  0.806279     3.81815e-5
 1.22417e-5  3.07008e-8   0.335361     0.00229959
Current allocation: [0.30882984302003474, 0.15589172965162226, 0.22502636331513068, 0.3102520640132123]
Voter 1's turn.
  Best response = [0.9998702282532721, 4.054983746226022e-5, 4.074678294778059e-11, 8.923778620201206e-5]
  New allocation: [0.310269167293947, 0.1653874010985068, 0.2228957531663366, 0.3014476784412095]
  => Voter 1 improves by switching to best response
  Old utility = 0.9149183520824556
  New utility = 0.9155636901567777
  Honest utility = 0.9098544004150804
  Incentive Alignment = 0.4982377915752316
Voter 2's turn.
  => No improvement found; voter 2 stays with old report.
  Old utility = 0.8672449008616366
  New utility = 0.8672689955127109
  Honest utility = 0.8609762175228896
  Incentive Alignment = 0.4982377915752316
Voter 3's turn.
  => No improvement found; voter 3 stays with old report.
  Old utility = 0.9774341237400944
  New utility = 0.9774341556821832
  Honest utility = 0.9721168013805984
  Incentive Alignment = 0.4982377915752316
Voter 4's turn.
  => No improvement found; voter 4 stays with old report.
  Old utility = 0.9882085121866462
  New utility = 0.988239534020307
  Honest utility = 0.9816315505070765
  Incentive Alignment = 0.4982377915752316
Voter 5's turn.
  => No improvement found; voter 5 stays with old report.
  Old utility = 0.9737806926396891
  New utility = 0.9738110741067174
  Honest utility = 0.9650532751341157
  Incentive Alignment = 0.4982377915752316

=== Round 3 ===
Current report matrix:
5×4 Matrix{Float64}:
 0.99987     4.05498e-5   4.07468e-11  8.92378e-5
 0.999587    0.38681      2.06653e-14  1.79839e-6
 0.542179    2.02159e-6   2.46613e-11  0.985849
 8.09622e-9  6.51038e-16  0.806279     3.81815e-5
 1.22417e-5  3.07008e-8   0.335361     0.00229959
Current allocation: [0.310269167293947, 0.1653874010985068, 0.2228957531663366, 0.3014476784412095]
Voter 1's turn.
  => No improvement found; voter 1 stays with old report.
  Old utility = 0.9155636901567777
  New utility = 0.9155636920366971
  Honest utility = 0.9098544004150804
  Incentive Alignment = 0.4982377915752316
Voter 2's turn.
  => No improvement found; voter 2 stays with old report.
  Old utility = 0.8672449008616366
  New utility = 0.8672689955127109
  Honest utility = 0.8609762175228896
  Incentive Alignment = 0.4982377915752316
Voter 3's turn.
  => No improvement found; voter 3 stays with old report.
  Old utility = 0.9774341237400944
  New utility = 0.9774341556821832
  Honest utility = 0.9721168013805984
  Incentive Alignment = 0.4982377915752316
Voter 4's turn.
  => No improvement found; voter 4 stays with old report.
  Old utility = 0.9882085121866462
  New utility = 0.988239534020307
  Honest utility = 0.9816315505070765
  Incentive Alignment = 0.4982377915752316
Voter 5's turn.
  => No improvement found; voter 5 stays with old report.
  Old utility = 0.9737806926396891
  New utility = 0.9738110741067174
  Honest utility = 0.9650532751341157
  Incentive Alignment = 0.4982377915752316
Converged! Maximum improvement in utility < 0.0001.
Final reports:
5×4 Matrix{Float64}:
 0.99987     4.05498e-5   4.07468e-11  8.92378e-5
 0.999587    0.38681      2.06653e-14  1.79839e-6
 0.542179    2.02159e-6   2.46613e-11  0.985849
 8.09622e-9  6.51038e-16  0.806279     3.81815e-5
 1.22417e-5  3.07008e-8   0.335361     0.00229959
Final Allocation: [0.310269167293947, 0.1653874010985068, 0.2228957531663366, 0.3014476784412095]
Mean Utility: 0.9444463839169688
Optimality: 0.9444463839169688
Envy: 12.096361132500954
Incentive Alignment: 0.4982377915752316
