Optimal points: [0.24448217317487267 0.5500848896434636 0.2054329371816639; 0.6113870844478411 0.22009935040122278 0.1685135651509362; 0.3770217512548801 0.2459564974902398 0.3770217512548801]
Starting allocation: [0.36887889373763894, 0.3363462231666694, 0.29477488309569166]

=== Round 1 ===
Current report matrix:
3×3 Matrix{Float64}:
 0.244482  0.550085  0.205433
 0.611387  0.220099  0.168514
 0.377022  0.245956  0.377022
Current allocation: [0.36887889373763894, 0.3363462231666694, 0.29477488309569166]
Voter 1's turn.
  Best response = [1.446424673587128e-7, 0.9298171290199069, 7.357777643858168e-8]
  New allocation: [0.3538043443718407, 0.38130889399136353, 0.26488676163679564]
  => Voter 1 improves by switching to best response
  Old utility = 0.9765275954562287
  New utility = 0.9853674316641527
  Honest utility = 0.9765275954562287
  Incentive Alignment = 0.8346146932007757
Voter 2's turn.
  Best response = [0.9999981167112054, 1.8509649635902801e-6, 2.9888026085325883e-7]
  New allocation: [0.39583857220209234, 0.3815141530998142, 0.22264727469809353]
  => Voter 2 improves by switching to best response
  Old utility = 0.966067201737746
  New utility = 0.9754216907347854
  Honest utility = 0.966067201737746
  Incentive Alignment = 0.6754997226905943
Voter 3's turn.
  Best response = [0.00037900434172789344, 3.270395946867335e-9, 0.9996283999995121]
  New allocation: [0.38415589697672825, 0.31837412598672066, 0.2974699770365511]
  => Voter 3 improves by switching to best response
  Old utility = 0.9823709982602331
  New utility = 0.995296530493632
  Honest utility = 0.9823709982602331
  Incentive Alignment = 0.41946296428095975

=== Round 2 ===
Current report matrix:
3×3 Matrix{Float64}:
 1.44642e-7   0.929817    7.35778e-8
 0.999998     1.85096e-6  2.9888e-7
 0.000379004  3.2704e-9   0.999628
Current allocation: [0.38415589697672825, 0.31837412598672066, 0.2974699770365511]
Voter 1's turn.
  Best response = [5.944082768032079e-12, 0.9285216963150125, 1.8499844925579e-6]
  New allocation: [0.3313460780726959, 0.32433753660910725, 0.3443163853181969]
  => Voter 1 improves by switching to best response
  Old utility = 0.9721558463123955
  New utility = 0.9729677574648224
  Honest utility = 0.9600335167256255
  Incentive Alignment = 0.41979343802691815
Voter 2's turn.
  Best response = [0.9995407785165042, 0.00045936509275822, 1.2529045964242544e-9]
  New allocation: [0.33333387518014085, 0.33336411193180493, 0.33330201288805417]
  => Voter 2 improves by switching to best response
  Old utility = 0.9581496824264941
  New utility = 0.9593061382036446
  Honest utility = 0.9447365979102074
  Incentive Alignment = 0.41998780132041835
Voter 3's turn.
  Best response = [0.18181108476743008, 3.2816023105258543e-7, 0.9996220713715736]
  New allocation: [0.34548584471872246, 0.3311595489254474, 0.3233546063558302]
  => Voter 3 improves by switching to best response
  Old utility = 0.9953382967479071
  New utility = 0.9954640441680529
  Honest utility = 0.9866955520504345
  Incentive Alignment = 0.44358990937971016

=== Round 3 ===
Current report matrix:
3×3 Matrix{Float64}:
 5.94408e-12  0.928522     1.84998e-6
 0.999541     0.000459365  1.2529e-9
 0.181811     3.2816e-7    0.999622
Current allocation: [0.34548584471872246, 0.3311595489254474, 0.3233546063558302]
Voter 1's turn.
  => No improvement found; voter 1 stays with old report.
  Old utility = 0.9751734755003518
  New utility = 0.9751734871139663
  Honest utility = 0.962335826268991
  Incentive Alignment = 0.44358990937971016
Voter 2's turn.
  => No improvement found; voter 2 stays with old report.
  Old utility = 0.9630007805407337
  New utility = 0.9630007838106395
  Honest utility = 0.949377748961565
  Incentive Alignment = 0.44358990937971016
Voter 3's turn.
  => No improvement found; voter 3 stays with old report.
  Old utility = 0.9954640441680529
  New utility = 0.9954640662260401
  Honest utility = 0.9866955520504345
  Incentive Alignment = 0.44358990937971016
Converged! Maximum improvement in utility < 0.0001.
Final reports:
3×3 Matrix{Float64}:
 5.94408e-12  0.928522     1.84998e-6
 0.999541     0.000459365  1.2529e-9
 0.181811     3.2816e-7    0.999622
Final Allocation: [0.34548584471872246, 0.3311595489254474, 0.3233546063558302]
Mean Utility: 0.9778794334030462
Optimality: 0.9778794334030462
Envy: 3.2463263627319217
Incentive Alignment: 0.44358990937971016
