Optimal points: [0.8333333333333333 0.13333333333333336 0.033333333333333305; 0.782608695652174 0.19565217391304346 0.021739130434782566; 0.7619047619047619 0.19047619047619044 0.04761904761904763]
Starting allocation: [0.7923339253171829, 0.1719235710406641, 0.033395617121190914]

=== Round 1 ===
Current report matrix:
3×3 Matrix{Float64}:
 0.833333  0.133333  0.0333333
 0.782609  0.195652  0.0217391
 0.761905  0.190476  0.047619
Current allocation: [0.7923339253171829, 0.1719235710406641, 0.033395617121190914]
Voter 1's turn.
  => No improvement found; voter 1 stays with old report.
  Old utility = 0.9973434533065335
  New utility = 0.9973434533065335
  Honest utility = 0.9973434533065335
  Incentive Alignment = 1.0
Voter 2's turn.
  => No improvement found; voter 2 stays with old report.
  Old utility = 0.9978050565145586
  New utility = 0.9978050565145586
  Honest utility = 0.9978050565145586
  Incentive Alignment = 1.0
Voter 3's turn.
  => No improvement found; voter 3 stays with old report.
  Old utility = 0.9978108306160214
  New utility = 0.9978108306160214
  Honest utility = 0.9978108306160214
  Incentive Alignment = 1.0
Converged! Maximum improvement in utility < 0.0001.
Final reports:
3×3 Matrix{Float64}:
 0.833333  0.133333  0.0333333
 0.782609  0.195652  0.0217391
 0.761905  0.190476  0.047619
Final Allocation: [0.7923339253171829, 0.1719235710406641, 0.033395617121190914]
Mean Utility: 0.9976531134790378
Optimality: 0.9976531134790378
Envy: 0.04673773094878708
Incentive Alignment: 1.0
