Optimal points: [0.641025641025641 0.1025641025641026 0.025641025641025623 0.23076923076923067; 0.72 0.17999999999999997 0.01999999999999996 0.07999999999999997; 0.4 0.09999999999999998 0.09999999999999998 0.4; 0.3076923076923077 0.0769230769230769 0.3076923076923077 0.3076923076923077; 0.22857142857142856 0.05714285714285713 0.35714285714285715 0.35714285714285715]
Starting allocation: [0.4394141576413821, 0.09949532311509958, 0.12532899595327546, 0.2596915906376819]

=== Round 1 ===
Current report matrix:
5×4 Matrix{Float64}:
 0.641026  0.102564   0.025641  0.230769
 0.72      0.18       0.02      0.08
 0.4       0.1        0.1       0.4
 0.307692  0.0769231  0.307692  0.307692
 0.228571  0.0571429  0.357143  0.357143
Current allocation: [0.4394141576413821, 0.09949532311509958, 0.12532899595327546, 0.2596915906376819]
Voter 1's turn.
  => No improvement found; voter 1 stays with old report.
  Old utility = 0.9332413468097078
  New utility = 0.9332413468097078
  Honest utility = 0.9332413468097078
  Incentive Alignment = 1.0
Voter 2's turn.
  => No improvement found; voter 2 stays with old report.
  Old utility = 0.8905024074400614
  New utility = 0.8905024074400614
  Honest utility = 0.8905024074400614
  Incentive Alignment = 1.0
Voter 3's turn.
  => No improvement found; voter 3 stays with old report.
  Old utility = 0.95324091869804
  New utility = 0.95324091869804
  Honest utility = 0.95324091869804
  Incentive Alignment = 1.0
Voter 4's turn.
  => No improvement found; voter 4 stays with old report.
  Old utility = 0.9342346176768908
  New utility = 0.9342346176768908
  Honest utility = 0.9342346176768908
  Incentive Alignment = 1.0
Voter 5's turn.
  => No improvement found; voter 5 stays with old report.
  Old utility = 0.9084310461124951
  New utility = 0.9084310461124951
  Honest utility = 0.9084310461124951
  Incentive Alignment = 1.0
Converged! Maximum improvement in utility < 0.0001.
Final reports:
5×4 Matrix{Float64}:
 0.641026  0.102564   0.025641  0.230769
 0.72      0.18       0.02      0.08
 0.4       0.1        0.1       0.4
 0.307692  0.0769231  0.307692  0.307692
 0.228571  0.0571429  0.357143  0.357143
Final Allocation: [0.4394141576413821, 0.09949532311509958, 0.12532899595327546, 0.2596915906376819]
Mean Utility: 0.9239300673474391
Optimality: 0.9239300673474391
Envy: 6.273851125797858
Incentive Alignment: 1.0
