Optimal points: [0.641025641025641 0.10256410256410257 0.025641025641025644 0.23076923076923075; 0.72 0.18 0.020000000000000004 0.08000000000000002; 0.3896499238964993 0.09741248097412482 0.12328767123287669 0.3896499238964993; 0.24227441285537699 0.07911001236093945 0.27812113720642767 0.4004944375772559; 0.22542901716068642 0.04992199687987521 0.31201248049922 0.4126365054602184]
Starting allocation: [0.4200065985005602, 0.09750973413945649, 0.120912764720466, 0.28359050434048133]

=== Round 1 ===
Current report matrix:
5×4 Matrix{Float64}:
 0.641026  0.102564   0.025641  0.230769
 0.72      0.18       0.02      0.08
 0.38965   0.0974125  0.123288  0.38965
 0.242274  0.07911    0.278121  0.400494
 0.225429  0.049922   0.312012  0.412637
Current allocation: [0.4200065985005602, 0.09750973413945649, 0.120912764720466, 0.28359050434048133]
Voter 1's turn.
  Best response = [0.8598363864625133, 0.13715001710706534, 8.206046384967888e-14, 0.1225467973136694]
  New allocation: [0.43986843688418187, 0.10126146248569387, 0.09966620681631236, 0.25263237004140365]
  => Voter 1 improves by switching to best response
  Old utility = 0.9616014913400355
  New utility = 0.9675849094774641
  Honest utility = 0.9616014913400355
  Incentive Alignment = 0.9504242458040725
Voter 2's turn.
  Best response = [0.9592909597356505, 0.26718803581290673, 3.351630940337128e-13, 0.0004490025934470096]
  New allocation: [0.44939099401883376, 0.10672955932462287, 0.08260760340984602, 0.20239465401581178]
  => Voter 2 improves by switching to best response
  Old utility = 0.9222627138324979
  New utility = 0.9314939395066224
  Honest utility = 0.9222627138324979
  Incentive Alignment = 0.8969115264979166
Voter 3's turn.
  Best response = [0.21749325943777043, 0.06186991707783933, 0.18203186692125894, 0.7576394523248228]
  New allocation: [0.39690084554263394, 0.09568498996325561, 0.08671598804228102, 0.233009500008129]
  => Voter 3 improves by switching to best response
  Old utility = 0.9641482012366144
  New utility = 0.9677425540478034
  Honest utility = 0.9641482012366144
  Incentive Alignment = 0.8145056129902437
Voter 4's turn.
  Best response = [0.04559165616256813, 0.034686805819969045, 0.5057171635600674, 0.47528737321061193]
  New allocation: [0.3283416284314888, 0.083656449375447, 0.1069692376123984, 0.2400836841357444]
  => Voter 4 improves by switching to best response
  Old utility = 0.92386638350271
  New utility = 0.9306757681904373
  Honest utility = 0.92386638350271
  Incentive Alignment = 0.7518792726876885
Voter 5's turn.
  Best response = [0.13344912367643452, 0.023310189160157566, 0.5938941265466964, 0.5997145318511381]
  New allocation: [0.292599793038485, 0.07334609837620773, 0.12109039914870509, 0.24482033102302697]
  => Voter 5 improves by switching to best response
  Old utility = 0.9014208604686554
  New utility = 0.9044430909695613
  Honest utility = 0.9014208604686554
  Incentive Alignment = 0.6815588803531055

=== Round 2 ===
Current report matrix:
5×4 Matrix{Float64}:
 0.859836   0.13715    8.20605e-14  0.122547
 0.959291   0.267188   3.35163e-13  0.000449003
 0.217493   0.0618699  0.182032     0.757639
 0.0455917  0.0346868  0.505717     0.475287
 0.133449   0.0233102  0.593894     0.599715
Current allocation: [0.292599793038485, 0.07334609837620773, 0.12109039914870509, 0.24482033102302697]
Voter 1's turn.
  Best response = [0.8594993022489883, 0.08241575398811274, 1.4785181160768644e-13, 0.06278827855814512]
  New allocation: [0.30319783280500057, 0.06661806165113208, 0.12109041486021957, 0.22907782485876002]
  => Voter 1 improves by switching to best response
  Old utility = 0.9205756309229077
  New utility = 0.9212592291223473
  Honest utility = 0.9122431109633758
  Incentive Alignment = 0.6756326493231575
Voter 2's turn.
  Best response = [0.9608236132195356, 0.2668275543611054, 5.058043409978778e-9, 1.2670369488877069e-11]
  New allocation: [0.3032959415284545, 0.06657137543934348, 0.1210992767394928, 0.22543066796794342]
  => Voter 2 improves by switching to best response
  Old utility = 0.8603198595289182
  New utility = 0.8605450463169324
  Honest utility = 0.847789799645574
  Incentive Alignment = 0.6753550212885147
Voter 3's turn.
  Best response = [0.3543119430962579, 0.11127847775384864, 0.10224712167663823, 0.7416540150912659]
  New allocation: [0.32521695144689833, 0.07358168937188475, 0.10666382024195864, 0.21868595663248497]
  => Voter 3 improves by switching to best response
  Old utility = 0.9535099093816364
  New utility = 0.9548453407950872
  Honest utility = 0.9531998895676591
  Incentive Alignment = 0.6868269870145461
Voter 4's turn.
  => No improvement found; voter 4 stays with old report.
  Old utility = 0.9221587918826906
  New utility = 0.9221981427761897
  Honest utility = 0.9155879469081171
  Incentive Alignment = 0.6868269870145461
Voter 5's turn.
  => No improvement found; voter 5 stays with old report.
  Old utility = 0.8912405481429377
  New utility = 0.8913112814514114
  Honest utility = 0.8873649124079556
  Incentive Alignment = 0.6868269870145461

=== Round 3 ===
Current report matrix:
5×4 Matrix{Float64}:
 0.859499   0.0824158  1.47852e-13  0.0627883
 0.960824   0.266828   5.05804e-9   1.26704e-11
 0.354312   0.111278   0.102247     0.741654
 0.0455917  0.0346868  0.505717     0.475287
 0.133449   0.0233102  0.593894     0.599715
Current allocation: [0.32521695144689833, 0.07358168937188475, 0.10666382024195864, 0.21868595663248497]
Voter 1's turn.
  => No improvement found; voter 1 stays with old report.
  Old utility = 0.9308326505219153
  New utility = 0.9308621269642109
  Honest utility = 0.9230896804051972
  Incentive Alignment = 0.6868269870145461
Voter 2's turn.
  => No improvement found; voter 2 stays with old report.
  Old utility = 0.8749663998382683
  New utility = 0.8749677979013099
  Honest utility = 0.8631037320889813
  Incentive Alignment = 0.6868269870145461
Voter 3's turn.
  => No improvement found; voter 3 stays with old report.
  Old utility = 0.9548453407950872
  New utility = 0.9548453407950872
  Honest utility = 0.9531998895676591
  Incentive Alignment = 0.6868269870145461
Voter 4's turn.
  => No improvement found; voter 4 stays with old report.
  Old utility = 0.9221587918826906
  New utility = 0.9221981427761897
  Honest utility = 0.9155879469081171
  Incentive Alignment = 0.6868269870145461
Voter 5's turn.
  => No improvement found; voter 5 stays with old report.
  Old utility = 0.8912405481429377
  New utility = 0.8913112814514114
  Honest utility = 0.8873649124079556
  Incentive Alignment = 0.6868269870145461
Converged! Maximum improvement in utility < 0.0001.
Final reports:
5×4 Matrix{Float64}:
 0.859499   0.0824158  1.47852e-13  0.0627883
 0.960824   0.266828   5.05804e-9   1.26704e-11
 0.354312   0.111278   0.102247     0.741654
 0.0455917  0.0346868  0.505717     0.475287
 0.133449   0.0233102  0.593894     0.599715
Final Allocation: [0.32521695144689833, 0.07358168937188475, 0.10666382024195864, 0.21868595663248497]
Mean Utility: 0.9148087462361799
Optimality: 0.9148087462361799
Envy: 7.987894095681892
Incentive Alignment: 0.6868269870145461
