Optimal points: [0.2766666666666666 0.32666666666666666 0.3966666666666666; 0.36 0.2799999999999999 0.36; 0.36666666666666675 0.26666666666666666 0.36666666666666675]
Starting allocation: [0.3331295179708124, 0.29055537065933434, 0.3742767499210114]

=== Round 1 ===
Current report matrix:
3×3 Matrix{Float64}:
 0.276667  0.326667  0.396667
 0.36      0.28      0.36
 0.366667  0.266667  0.366667
Current allocation: [0.3331295179708124, 0.29055537065933434, 0.3742767499210114]
Voter 1's turn.
  Best response = [0.27484352666112444, 0.3670973819496128, 0.4434305745009257]
  New allocation: [0.32442329074323645, 0.29416785572765664, 0.3781064016581799]
  => Voter 1 improves by switching to best response
  Old utility = 0.994340614008125
  New utility = 0.9945442524480234
  Honest utility = 0.994340614008125
  Incentive Alignment = 0.9793849309330892
Voter 2's turn.
  => No improvement found; voter 2 stays with old report.
  Old utility = 0.9962183125147656
  New utility = 0.9962379719555817
  Honest utility = 0.9962183125147656
  Incentive Alignment = 0.9793849309330892
Voter 3's turn.
  Best response = [0.4299865768853079, 0.2872490409879967, 0.3995360381301572]
  New allocation: [0.3301344889558366, 0.29083801178395696, 0.3750790466937975]
  => Voter 3 improves by switching to best response
  Old utility = 0.9954139690326054
  New utility = 0.9955152367720854
  Honest utility = 0.9954139690326054
  Incentive Alignment = 0.954634081916888

=== Round 2 ===
Current report matrix:
3×3 Matrix{Float64}:
 0.274844  0.367097  0.443431
 0.36      0.28      0.36
 0.429987  0.287249  0.399536
Current allocation: [0.3301344889558366, 0.29083801178395696, 0.3750790466937975]
Voter 1's turn.
  => No improvement found; voter 1 stays with old report.
  Old utility = 0.9933026427311727
  New utility = 0.9933055797748975
  Honest utility = 0.9930492327031247
  Incentive Alignment = 0.954634081916888
Voter 2's turn.
  => No improvement found; voter 2 stays with old report.
  Old utility = 0.9961194147359809
  New utility = 0.9961338895390512
  Honest utility = 0.9961194147359809
  Incentive Alignment = 0.954634081916888
Voter 3's turn.
  => No improvement found; voter 3 stays with old report.
  Old utility = 0.9955152367720854
  New utility = 0.9955152367720854
  Honest utility = 0.9954139690326054
  Incentive Alignment = 0.954634081916888
Converged! Maximum improvement in utility < 0.0001.
Final reports:
3×3 Matrix{Float64}:
 0.274844  0.367097  0.443431
 0.36      0.28      0.36
 0.429987  0.287249  0.399536
Final Allocation: [0.3301344889558366, 0.29083801178395696, 0.3750790466937975]
Mean Utility: 0.9949790980797463
Optimality: 0.9949790980797463
Envy: 0.28167720048081213
Incentive Alignment: 0.954634081916888
