Optimal points: [0.24448217317487267 0.5500848896434636 0.2054329371816639; 0.6113870844478411 0.22009935040122278 0.1685135651509362; 0.3770217512548801 0.2459564974902398 0.3770217512548801]
Starting allocation: [0.4121551982994347, 0.33597547743028355, 0.25186932427028164]

=== Round 1 ===
Current report matrix:
3×3 Matrix{Float64}:
 0.244482  0.550085  0.205433
 0.611387  0.220099  0.168514
 0.377022  0.245956  0.377022
Current allocation: [0.4121551982994347, 0.33597547743028355, 0.25186932427028164]
Voter 1's turn.
  Best response = [1.1914619478696837e-12, 0.9964938612320522, 0.03934238653121622]
  New allocation: [0.26698248466334673, 0.5281296598441501, 0.20488785549250318]
  => Voter 1 improves by switching to best response
  Old utility = 0.9748048305517407
  New utility = 0.9996404632984782
  Honest utility = 0.9748048305517407
  Incentive Alignment = 0.8215378739433689
Voter 2's turn.
  Best response = [0.9999999612608336, 3.0405187348812283e-13, 0.10770902352634465]
  New allocation: [0.4243791266377851, 0.3637009141179243, 0.21191995924429058]
  => Voter 2 improves by switching to best response
  Old utility = 0.9307709843499825
  New utility = 0.9812783292992135
  Honest utility = 0.9307709843499825
  Incentive Alignment = 0.6712933013462741
Voter 3's turn.
  Best response = [0.20675761209631505, 0.031226363463705244, 0.8614948366002111]
  New allocation: [0.3770217512402571, 0.24595649776305306, 0.3770217509966898]
  => Voter 3 improves by switching to best response
  Old utility = 0.9817529362602929
  New utility = 1.0
  Honest utility = 0.9817529362602929
  Incentive Alignment = 0.4857571180029449

=== Round 2 ===
Current report matrix:
3×3 Matrix{Float64}:
 1.19146e-12  0.996494     0.0393424
 1.0          3.04052e-13  0.107709
 0.206758     0.0312264    0.861495
Current allocation: [0.3770217512402571, 0.24595649776305306, 0.3770217509966898]
Voter 1's turn.
  Best response = [3.357009020542459e-11, 0.9979187759576458, 1.619203054819363e-13]
  New allocation: [0.4168329977363523, 0.2722566152851563, 0.31091038697849144]
  => Voter 1 improves by switching to best response
  Old utility = 0.9497340868891337
  New utility = 0.9589521475360844
  Honest utility = 0.8797528312252341
  Incentive Alignment = 0.4808769974901323
Voter 2's turn.
  Best response = [0.9999784718104759, 7.03606027390813e-8, 1.2854494433052085e-13]
  New allocation: [0.4853041647255521, 0.31712634765345704, 0.1975694876209909]
  => Voter 2 improves by switching to best response
  Old utility = 0.9785101649216728
  New utility = 0.9913693902494626
  Honest utility = 0.9320508215034708
  Incentive Alignment = 0.4720116217123682
Voter 3's turn.
  Best response = [0.01070371628194524, 8.890031441444379e-13, 0.9838183462164405]
  New allocation: [0.3805173836949016, 0.31202746110773966, 0.3074551551973588]
  => Voter 3 improves by switching to best response
  Old utility = 0.9799586008314706
  New utility = 0.9962610117582241
  Honest utility = 0.9235488484306906
  Incentive Alignment = 0.4074621288341705

=== Round 3 ===
Current report matrix:
3×3 Matrix{Float64}:
 3.35701e-11  0.997919     1.6192e-13
 0.999978     7.03606e-8   1.28545e-13
 0.0107037    8.89003e-13  0.983818
Current allocation: [0.3805173836949016, 0.31202746110773966, 0.3074551551973588]
Voter 1's turn.
  => No improvement found; voter 1 stays with old report.
  Old utility = 0.9706235842464366
  New utility = 0.970623892283921
  Honest utility = 0.8756866749947524
  Incentive Alignment = 0.4074621288341705
Voter 2's turn.
  => No improvement found; voter 2 stays with old report.
  Old utility = 0.9720131785256856
  New utility = 0.9720240814348365
  Honest utility = 0.8834281203730068
  Incentive Alignment = 0.4074621288341705
Voter 3's turn.
  => No improvement found; voter 3 stays with old report.
  Old utility = 0.9962610117582241
  New utility = 0.9962612967073471
  Honest utility = 0.9235488484306906
  Incentive Alignment = 0.4074621288341705
Converged! Maximum improvement in utility < 0.0001.
Final reports:
3×3 Matrix{Float64}:
 3.35701e-11  0.997919     1.6192e-13
 0.999978     7.03606e-8   1.28545e-13
 0.0107037    8.89003e-13  0.983818
Final Allocation: [0.3805173836949016, 0.31202746110773966, 0.3074551551973588]
Mean Utility: 0.9796325915101155
Optimality: 0.9796325915101155
Envy: 2.5637427511787547
Incentive Alignment: 0.4074621288341705
