Optional points: [0.29268292682926833 0.4390243902439025 0.26829268292682934; 0.47058823529411764 0.2823529411764706 0.24705882352941178; 0.3561643835616438 0.2876712328767123 0.3561643835616438]
Starting allocation: [0.3729722757007305, 0.33571685441260285, 0.2913108698866667]

=== Round 1 ===
Current report matrix:
3×3 Matrix{Float64}:
 0.292683  0.439024  0.268293
 0.470588  0.282353  0.247059
 0.356164  0.287671  0.356164
User 1's turn.
  Best response = [3.9374959456293475e-13, 0.9772734266889961, 1.1419428814187123e-12]
  => User 1 improves by switching to best response
  => User 1's new report: [3.9374959456293475e-13, 0.9772734266889961, 1.1419428814187123e-12]
  Old utility = 0.9544700811155007
  New utility = 1.0477891072073133
  Honest utility = 0.9544700811155007
  Incentive Alignment = 0.777051006181371
  Allocation after user 1: [0.23273861153592848, 0.5980343097973535, 0.16922707866671802]
User 2's turn.
  Best response = [0.9999999968405985, 0.000100298973299929, 9.292138349082275e-14]
  => User 2 improves by switching to best response
  => User 2's new report: [0.9999999968405985, 0.000100298973299929, 9.292138349082275e-14]
  Old utility = 0.8397099312468229
  New utility = 0.9994572463790914
  Honest utility = 0.8397099312468229
  Incentive Alignment = 0.5607740670557032
  Allocation after user 2: [0.4845647792675007, 0.447748166862028, 0.06768705387047118]
User 3's turn.
  Best response = [0.037599050849421674, 4.3377601704016125e-13, 0.9999012985712652]
  => User 3 improves by switching to best response
  => User 3's new report: [0.037599050849421674, 4.3377601704016125e-13, 0.9999012985712652]
  Old utility = 0.913459323324667
  New utility = 0.9957126375124655
  Honest utility = 0.913459323324667
  Incentive Alignment = 0.3028688680264839
  Allocation after user 3: [0.4164833214384203, 0.2913597928275447, 0.29215688573403503]

=== Round 2 ===
Current report matrix:
3×3 Matrix{Float64}:
 3.9375e-13  0.977273     1.14194e-12
 1.0         0.000100299  9.29214e-14
 0.0375991   4.33776e-13  0.999901
User 1's turn.
  => No improvement found; user 1 stays with old report.
  Old utility = 0.9305179473592371
  New utility = 0.9305180936966738
  Honest utility = 0.7832462926604019
  Incentive Alignment = 0.3028688680264839
  Allocation after user 1: [0.4164833214384203, 0.2913597928275447, 0.29215688573403503]
User 2's turn.
  => No improvement found; user 2 stays with old report.
  Old utility = 0.9699672349399019
  New utility = 0.969967905625339
  Honest utility = 0.7803701109238385
  Incentive Alignment = 0.3028688680264839
  Allocation after user 2: [0.4164833214384203, 0.2913597928275447, 0.29215688573403503]
User 3's turn.
  => No improvement found; user 3 stays with old report.
  Old utility = 0.9957126375124655
  New utility = 0.9957126553348552
  Honest utility = 0.913459323324667
  Incentive Alignment = 0.3028688680264839
  Allocation after user 3: [0.4164833214384203, 0.2913597928275447, 0.29215688573403503]
Converged! Maximum improvement in utility < 0.0001.
Final reports:
3×3 Matrix{Float64}:
 3.9375e-13  0.977273     1.14194e-12
 1.0         0.000100299  9.29214e-14
 0.0375991   4.33776e-13  0.999901
Final Allocation: [0.4164833214384203, 0.2913597928275447, 0.29215688573403503]
Mean Utility: 0.9653992732705349
Optimality: 0.9653992732705349
Envy: 0.06519469015322843
Incentive Alignment: 0.3028688680264839
