Optional points: [0.8333333333333333 0.13333333333333336 0.033333333333333305; 0.782608695652174 0.19565217391304346 0.021739130434782566; 0.7619047619047619 0.19047619047619044 0.04761904761904763]
Starting allocation: [0.7619047619047619, 0.13333333333333336, 0.021739130434782566]

=== Round 1 ===
Current report matrix:
3×3 Matrix{Float64}:
 0.833333  0.133333  0.0333333
 0.782609  0.195652  0.0217391
 0.761905  0.190476  0.047619
Current allocation: [0.7619047619047619, 0.13333333333333336, 0.021739130434782566]
Voter 1's turn.
  Best response = [0.5111897103646224, 0.15882203706215875, 0.05142731198233638]
  New allocation: [0.7619047619047619, 0.19047619047619044, 0.04761904761904763]
  => Voter 1 improves by switching to best response
  Old utility = 0.9570715013258373
  New utility = 0.9960238411119946
  Honest utility = 0.9570715013258373
  Incentive Alignment = 0.8921144742997708
Voter 2's turn.
  => No improvement found; voter 2 stays with old report.
  Old utility = 0.9974086507360695
  New utility = 0.9974086507360695
  Honest utility = 0.9974086507360695
  Incentive Alignment = 0.8921144742997708
Voter 3's turn.
  => No improvement found; voter 3 stays with old report.
  Old utility = 1.0
  New utility = 0.9999969720279219
  Honest utility = 1.0
  Incentive Alignment = 0.8921144742997708

=== Round 2 ===
Current report matrix:
3×3 Matrix{Float64}:
 0.51119   0.158822  0.0514273
 0.782609  0.195652  0.0217391
 0.761905  0.190476  0.047619
Current allocation: [0.7619047619047619, 0.19047619047619044, 0.04761904761904763]
Voter 1's turn.
  => No improvement found; voter 1 stays with old report.
  Old utility = 0.9960238411119946
  New utility = 0.9960238411119946
  Honest utility = 0.9570715013258373
  Incentive Alignment = 0.8921144742997708
Voter 2's turn.
  => No improvement found; voter 2 stays with old report.
  Old utility = 0.9974086507360695
  New utility = 0.9974086507360695
  Honest utility = 0.9974086507360695
  Incentive Alignment = 0.8921144742997708
Voter 3's turn.
  => No improvement found; voter 3 stays with old report.
  Old utility = 1.0
  New utility = 0.9999969720279219
  Honest utility = 1.0
  Incentive Alignment = 0.8921144742997708
Converged! Maximum improvement in utility < 0.0001.
Final reports:
3×3 Matrix{Float64}:
 0.51119   0.158822  0.0514273
 0.782609  0.195652  0.0217391
 0.761905  0.190476  0.047619
Final Allocation: [0.7619047619047619, 0.19047619047619044, 0.04761904761904763]
Mean Utility: 0.9978108306160213
Optimality: 0.9978108306160213
Envy: 0.3976158888005399
Incentive Alignment: 0.8921144742997708
