Optional points: [0.641025641025641 0.1025641025641026 0.025641025641025623 0.23076923076923067; 0.72 0.17999999999999997 0.01999999999999996 0.07999999999999997; 0.4 0.09999999999999998 0.09999999999999998 0.4; 0.3076923076923077 0.0769230769230769 0.3076923076923077 0.3076923076923077; 0.22857142857142856 0.05714285714285713 0.35714285714285715 0.35714285714285715]
Starting allocation: [0.4, 0.09999999999999998, 0.09999999999999998, 0.3076923076923077]

=== Round 1 ===
Current report matrix:
5×4 Matrix{Float64}:
 0.641026  0.102564   0.025641  0.230769
 0.72      0.18       0.02      0.08
 0.4       0.1        0.1       0.4
 0.307692  0.0769231  0.307692  0.307692
 0.228571  0.0571429  0.357143  0.357143
User 1's turn.
  Best response = [0.4276001954690003, 0.12395557501377204, 0.026118860489282834, 0.36972720806415255]
  => User 1 improves by switching to best response
  => User 1's new report: [0.4276001954690003, 0.12395557501377204, 0.026118860489282834, 0.36972720806415255]
  Old utility = 0.9247499436149799
  New utility = 0.9453652144859906
  Honest utility = 0.9247499436149799
  Incentive Alignment = 0.9488853979044525
  Allocation after user 1: [0.4, 0.09999999999999998, 0.09999999999999998, 0.35714285714285715]
User 2's turn.
  => No improvement found; user 2 stays with old report.
  Old utility = 0.8845726037456362
  New utility = 0.8845726037456362
  Honest utility = 0.8845726037456362
  Incentive Alignment = 0.9488853979044525
  Allocation after user 2: [0.4, 0.09999999999999998, 0.09999999999999998, 0.35714285714285715]
User 3's turn.
  Best response = [0.5731141225674325, 0.1076261732447597, 0.10762471868893056, 0.46172375598153137]
  => User 3 improves by switching to best response
  => User 3's new report: [0.5731141225674325, 0.1076261732447597, 0.10762471868893056, 0.46172375598153137]
  Old utility = 0.9779644730092272
  New utility = 0.9990197614445145
  Honest utility = 0.9779644730092272
  Incentive Alignment = 0.9120644167452253
  Allocation after user 3: [0.4276001954690003, 0.1076261732447597, 0.10762471868893056, 0.35714285714285715]
User 4's turn.
  => No improvement found; user 4 stays with old report.
  Old utility = 0.9671863392191009
  New utility = 0.9671863392191009
  Honest utility = 0.9671863392191009
  Incentive Alignment = 0.9120644167452253
  Allocation after user 4: [0.4276001954690003, 0.1076261732447597, 0.10762471868893056, 0.35714285714285715]
User 5's turn.
  => No improvement found; user 5 stays with old report.
  Old utility = 0.9442492765741135
  New utility = 0.9442492765741135
  Honest utility = 0.9442492765741135
  Incentive Alignment = 0.9120644167452253
  Allocation after user 5: [0.4276001954690003, 0.1076261732447597, 0.10762471868893056, 0.35714285714285715]

=== Round 2 ===
Current report matrix:
5×4 Matrix{Float64}:
 0.4276    0.123956   0.0261189  0.369727
 0.72      0.18       0.02       0.08
 0.573114  0.107626   0.107625   0.461724
 0.307692  0.0769231  0.307692   0.307692
 0.228571  0.0571429  0.357143   0.357143
User 1's turn.
  => No improvement found; user 1 stays with old report.
  Old utility = 0.9682294273562932
  New utility = 0.9682294273562932
  Honest utility = 0.7893489664314495
  Incentive Alignment = 0.9120644167452253
  Allocation after user 1: [0.4276001954690003, 0.1076261732447597, 0.10762471868893056, 0.35714285714285715]
User 2's turn.
  => No improvement found; user 2 stays with old report.
  Old utility = 0.9094739921724381
  New utility = 0.9094739921724381
  Honest utility = 0.9094739921724381
  Incentive Alignment = 0.9120644167452253
  Allocation after user 2: [0.4276001954690003, 0.1076261732447597, 0.10762471868893056, 0.35714285714285715]
User 3's turn.
  => No improvement found; user 3 stays with old report.
  Old utility = 0.9990197614445145
  New utility = 0.9990197614415676
  Honest utility = 0.9779644730092272
  Incentive Alignment = 0.9120644167452253
  Allocation after user 3: [0.4276001954690003, 0.1076261732447597, 0.10762471868893056, 0.35714285714285715]
User 4's turn.
  => No improvement found; user 4 stays with old report.
  Old utility = 0.9671863392191009
  New utility = 0.9671863392191009
  Honest utility = 0.9671863392191009
  Incentive Alignment = 0.9120644167452253
  Allocation after user 4: [0.4276001954690003, 0.1076261732447597, 0.10762471868893056, 0.35714285714285715]
User 5's turn.
  => No improvement found; user 5 stays with old report.
  Old utility = 0.9442492765741135
  New utility = 0.9442492765741135
  Honest utility = 0.9442492765741135
  Incentive Alignment = 0.9120644167452253
  Allocation after user 5: [0.4276001954690003, 0.1076261732447597, 0.10762471868893056, 0.35714285714285715]
Converged! Maximum improvement in utility < 0.0001.
Final reports:
5×4 Matrix{Float64}:
 0.4276    0.123956   0.0261189  0.369727
 0.72      0.18       0.02       0.08
 0.573114  0.107626   0.107625   0.461724
 0.307692  0.0769231  0.307692   0.307692
 0.228571  0.0571429  0.357143   0.357143
Final Allocation: [0.4276001954690003, 0.1076261732447597, 0.10762471868893056, 0.35714285714285715]
Overall Utility: 4.78815879676646
