Optimal points: [0.641025641025641 0.10256410256410257 0.025641025641025644 0.23076923076923075; 0.72 0.18 0.020000000000000004 0.08000000000000002; 0.3896499238964993 0.09741248097412482 0.12328767123287669 0.3896499238964993; 0.24227441285537699 0.07911001236093945 0.27812113720642767 0.4004944375772559; 0.22542901716068642 0.04992199687987521 0.31201248049922 0.4126365054602184]
Starting allocation: [0.3896499238964993, 0.09741248097412482, 0.12328767123287669, 0.3896499238964993]

=== Round 1 ===
Current report matrix:
5×4 Matrix{Float64}:
 0.641026  0.102564   0.025641  0.230769
 0.72      0.18       0.02      0.08
 0.38965   0.0974125  0.123288  0.38965
 0.242274  0.07911    0.278121  0.400494
 0.225429  0.049922   0.312012  0.412637
Current allocation: [0.3896499238964993, 0.09741248097412482, 0.12328767123287669, 0.3896499238964993]
Voter 1's turn.
  => No improvement found; voter 1 stays with old report.
  Old utility = 0.955820723807038
  New utility = 0.955820723807038
  Honest utility = 0.955820723807038
  Incentive Alignment = 1.0
Voter 2's turn.
  => No improvement found; voter 2 stays with old report.
  Old utility = 0.888296987099875
  New utility = 0.888296987099875
  Honest utility = 0.888296987099875
  Incentive Alignment = 1.0
Voter 3's turn.
  => No improvement found; voter 3 stays with old report.
  Old utility = 1.0
  New utility = 0.9999993346311346
  Honest utility = 1.0
  Incentive Alignment = 1.0
Voter 4's turn.
  => No improvement found; voter 4 stays with old report.
  Old utility = 0.975242580937761
  New utility = 0.975242580937761
  Honest utility = 0.975242580937761
  Incentive Alignment = 1.0
Voter 5's turn.
  => No improvement found; voter 5 stays with old report.
  Old utility = 0.9632201687355274
  New utility = 0.9632201687355274
  Honest utility = 0.9632201687355274
  Incentive Alignment = 1.0
Converged! Maximum improvement in utility < 0.0001.
Final reports:
5×4 Matrix{Float64}:
 0.641026  0.102564   0.025641  0.230769
 0.72      0.18       0.02      0.08
 0.38965   0.0974125  0.123288  0.38965
 0.242274  0.07911    0.278121  0.400494
 0.225429  0.049922   0.312012  0.412637
Final Allocation: [0.3896499238964993, 0.09741248097412482, 0.12328767123287669, 0.3896499238964993]
Mean Utility: 0.9565160921160404
Optimality: 0.9565160921160404
Envy: 11.170301290012496
Incentive Alignment: 1.0
