Optimal points: [0.24448217317487267 0.5500848896434636 0.2054329371816639; 0.6113870844478411 0.22009935040122278 0.1685135651509362; 0.3770217512548801 0.2459564974902398 0.3770217512548801]
Starting allocation: [0.3770217512548801, 0.2459564974902398, 0.2054329371816639]

=== Round 1 ===
Current report matrix:
3×3 Matrix{Float64}:
 0.244482  0.550085  0.205433
 0.611387  0.220099  0.168514
 0.377022  0.245956  0.377022
Current allocation: [0.3770217512548801, 0.2459564974902398, 0.2054329371816639]
Voter 1's turn.
  Best response = [0.14187077575899323, 0.6468243848103468, 0.3025000109832937]
  New allocation: [0.3770217512548801, 0.2459564974902398, 0.3025000109832937]
  => Voter 1 improves by switching to best response
  Old utility = 0.9475657368425605
  New utility = 0.9514229203393009
  Honest utility = 0.9475657368425605
  Incentive Alignment = 0.9429331331572883
Voter 2's turn.
  Best response = [0.5107999797714662, 0.320472182307374, 0.1452007574070091]
  New allocation: [0.3770217512548801, 0.320472182307374, 0.3025000109832937]
  => Voter 2 improves by switching to best response
  Old utility = 0.9676916098629027
  New utility = 0.9714758505904683
  Honest utility = 0.9676916098629027
  Incentive Alignment = 0.8949331817488155
Voter 3's turn.
  => No improvement found; voter 3 stays with old report.
  Old utility = 0.9954890947575523
  New utility = 0.9954890947575523
  Honest utility = 0.9954890947575523
  Incentive Alignment = 0.8949331817488155

=== Round 2 ===
Current report matrix:
3×3 Matrix{Float64}:
 0.141871  0.646824  0.3025
 0.5108    0.320472  0.145201
 0.377022  0.245956  0.377022
Current allocation: [0.3770217512548801, 0.320472182307374, 0.3025000109832937]
Voter 1's turn.
  => No improvement found; voter 1 stays with old report.
  Old utility = 0.97275726787036
  New utility = 0.9727572678703602
  Honest utility = 0.9689000843736199
  Incentive Alignment = 0.8949331817488155
Voter 2's turn.
  => No improvement found; voter 2 stays with old report.
  Old utility = 0.9714758505904683
  New utility = 0.9714758505904683
  Honest utility = 0.9676916098629027
  Incentive Alignment = 0.8949331817488155
Voter 3's turn.
  => No improvement found; voter 3 stays with old report.
  Old utility = 0.9954890947575523
  New utility = 0.9954890947575523
  Honest utility = 0.9954890947575523
  Incentive Alignment = 0.8949331817488155
Converged! Maximum improvement in utility < 0.0001.
Final reports:
3×3 Matrix{Float64}:
 0.141871  0.646824  0.3025
 0.5108    0.320472  0.145201
 0.377022  0.245956  0.377022
Final Allocation: [0.3770217512548801, 0.320472182307374, 0.3025000109832937]
Mean Utility: 0.9799074044061268
Optimality: 0.9799074044061268
Envy: 2.401324416708406
Incentive Alignment: 0.8949331817488155
