Optimal points: [0.2766666666666666 0.32666666666666666 0.3966666666666666; 0.36 0.2799999999999999 0.36; 0.36666666666666675 0.26666666666666666 0.36666666666666675]
Starting allocation: [0.2766666666666666, 0.26666666666666666, 0.36]

=== Round 1 ===
Current report matrix:
3×3 Matrix{Float64}:
 0.276667  0.326667  0.396667
 0.36      0.28      0.36
 0.366667  0.266667  0.366667
Current allocation: [0.2766666666666666, 0.26666666666666666, 0.36]
Voter 1's turn.
  Best response = [0.4179029492455417, 0.4197676611796981, 0.4955812757201645]
  New allocation: [0.36, 0.26666666666666666, 0.36]
  => Voter 1 improves by switching to best response
  Old utility = 0.9269002564246542
  New utility = 0.9804780354502406
  Honest utility = 0.9269002564246542
  Incentive Alignment = 0.9346806285494779
Voter 2's turn.
  Best response = [0.54972141535789, 0.30420603778882394, 0.3666606112122143]
  New allocation: [0.36666666666666675, 0.26666666666666666, 0.3666606112122143]
  => Voter 2 improves by switching to best response
  Old utility = 0.9897165788813646
  New utility = 0.9998073322130708
  Honest utility = 0.9897165788813646
  Incentive Alignment = 0.8708888566553297
Voter 3's turn.
  => No improvement found; voter 3 stays with old report.
  Old utility = 0.9999956507481819
  New utility = 0.9999956507481336
  Honest utility = 0.9999956507481819
  Incentive Alignment = 0.8708888566553297

=== Round 2 ===
Current report matrix:
3×3 Matrix{Float64}:
 0.417903  0.419768  0.495581
 0.549721  0.304206  0.366661
 0.366667  0.266667  0.366667
Current allocation: [0.36666666666666675, 0.26666666666666666, 0.3666606112122143]
Voter 1's turn.
  => No improvement found; voter 1 stays with old report.
  Old utility = 0.9893827640670125
  New utility = 0.9893827640670125
  Honest utility = 0.9320241251765636
  Incentive Alignment = 0.8708888566553297
Voter 2's turn.
  => No improvement found; voter 2 stays with old report.
  Old utility = 0.9998073322130708
  New utility = 0.9998073322130708
  Honest utility = 0.9897165788813646
  Incentive Alignment = 0.8708888566553297
Voter 3's turn.
  => No improvement found; voter 3 stays with old report.
  Old utility = 0.9999956507481819
  New utility = 0.9999956507481336
  Honest utility = 0.9999956507481819
  Incentive Alignment = 0.8708888566553297
Converged! Maximum improvement in utility < 0.0001.
Final reports:
3×3 Matrix{Float64}:
 0.417903  0.419768  0.495581
 0.549721  0.304206  0.366661
 0.366667  0.266667  0.366667
Final Allocation: [0.36666666666666675, 0.26666666666666666, 0.3666606112122143]
Mean Utility: 0.9963952490094217
Optimality: 0.9963952490094217
Envy: 1.0612886681169331
Incentive Alignment: 0.8708888566553297
