Optimal points: [0.2766666666666666 0.32666666666666666 0.3966666666666666; 0.36 0.2799999999999999 0.36; 0.3666666666666667 0.2666666666666666 0.3666666666666667]
Starting allocation: [0.2766666666666666, 0.2666666666666666, 0.36]

=== Round 1 ===
Current report matrix:
3×3 Matrix{Float64}:
 0.276667  0.326667  0.396667
 0.36      0.28      0.36
 0.366667  0.266667  0.366667
Current allocation: [0.2766666666666666, 0.2666666666666666, 0.36]
Voter 1's turn.
  Best response = [0.4833539094650203, 0.23017489711934147, 0.5414197530864198]
  New allocation: [0.3666666666666667, 0.2666666666666666, 0.3666666666666667]
  => Voter 1 improves by switching to best response
  Old utility = 0.9269002564246542
  New utility = 0.9893873883991241
  Honest utility = 0.9269002564246542
  Incentive Alignment = 0.909948327207835
Voter 2's turn.
  => No improvement found; voter 2 stays with old report.
  Old utility = 0.9998118886380738
  New utility = 0.9998118886380738
  Honest utility = 0.9998118886380738
  Incentive Alignment = 0.909948327207835
Voter 3's turn.
  => No improvement found; voter 3 stays with old report.
  Old utility = 1.0
  New utility = 0.9999956507684408
  Honest utility = 1.0
  Incentive Alignment = 0.909948327207835

=== Round 2 ===
Current report matrix:
3×3 Matrix{Float64}:
 0.483354  0.230175  0.54142
 0.36      0.28      0.36
 0.366667  0.266667  0.366667
Current allocation: [0.3666666666666667, 0.2666666666666666, 0.3666666666666667]
Voter 1's turn.
  => No improvement found; voter 1 stays with old report.
  Old utility = 0.9893873883991241
  New utility = 0.9893873883991241
  Honest utility = 0.9269002564246542
  Incentive Alignment = 0.909948327207835
Voter 2's turn.
  => No improvement found; voter 2 stays with old report.
  Old utility = 0.9998118886380738
  New utility = 0.9998118886380738
  Honest utility = 0.9998118886380738
  Incentive Alignment = 0.909948327207835
Voter 3's turn.
  => No improvement found; voter 3 stays with old report.
  Old utility = 1.0
  New utility = 0.9999956507684408
  Honest utility = 1.0
  Incentive Alignment = 0.909948327207835
Converged! Maximum improvement in utility < 0.0001.
Final reports:
3×3 Matrix{Float64}:
 0.483354  0.230175  0.54142
 0.36      0.28      0.36
 0.366667  0.266667  0.366667
Final Allocation: [0.3666666666666667, 0.2666666666666666, 0.3666666666666667]
Mean Utility: 0.9963997590123993
Optimality: 0.9963997590123993
Envy: 1.0612611600875899
Incentive Alignment: 0.909948327207835
