Optional points: [0.2766666666666666 0.32666666666666666 0.3966666666666666; 0.36 0.2799999999999999 0.36; 0.3666666666666667 0.2666666666666666 0.3666666666666667]
Starting allocation: [0.30627306273062727, 0.2952029520295203, 0.39852398523985244]

=== Round 1 ===
Current report matrix:
3×3 Matrix{Float64}:
 0.276667  0.326667  0.396667
 0.36      0.28      0.36
 0.366667  0.266667  0.366667
Current allocation: [0.30627306273062727, 0.2952029520295203, 0.39852398523985244]
Voter 1's turn.
  Best response = [0.24192558403760206, 0.4067250818640865, 0.4817617344128684]
  New allocation: [0.27852606771640537, 0.3070101839504658, 0.4144637483331289]
  => Voter 1 improves by switching to best response
  Old utility = 0.9984249927068228
  New utility = 0.9994048760731553
  Honest utility = 0.9984249927068228
  Incentive Alignment = 0.9593696019369014
Voter 2's turn.
  Best response = [0.5036968449931413, 0.2652880658436211, 0.21236625514403273]
  New allocation: [0.3666666666666667, 0.2666666666666666, 0.3666666666666667]
  => Voter 2 improves by switching to best response
  Old utility = 0.9927103191582366
  New utility = 0.9998118886380738
  Honest utility = 0.9927103191582366
  Incentive Alignment = 0.890521179952402
Voter 3's turn.
  => No improvement found; voter 3 stays with old report.
  Old utility = 1.0
  New utility = 1.0000000000000002
  Honest utility = 1.0
  Incentive Alignment = 0.890521179952402

=== Round 2 ===
Current report matrix:
3×3 Matrix{Float64}:
 0.241926  0.406725  0.481762
 0.503697  0.265288  0.212366
 0.366667  0.266667  0.366667
Current allocation: [0.3666666666666667, 0.2666666666666666, 0.3666666666666667]
Voter 1's turn.
  => No improvement found; voter 1 stays with old report.
  Old utility = 0.9893873883991241
  New utility = 0.9893873883991241
  Honest utility = 0.9893873883991241
  Incentive Alignment = 0.890521179952402
Voter 2's turn.
  => No improvement found; voter 2 stays with old report.
  Old utility = 0.9998118886380738
  New utility = 0.9998118886380738
  Honest utility = 0.9927103191582366
  Incentive Alignment = 0.890521179952402
Voter 3's turn.
  => No improvement found; voter 3 stays with old report.
  Old utility = 1.0
  New utility = 1.0000000000000002
  Honest utility = 1.0
  Incentive Alignment = 0.890521179952402
Converged! Maximum improvement in utility < 0.0001.
Final reports:
3×3 Matrix{Float64}:
 0.241926  0.406725  0.481762
 0.503697  0.265288  0.212366
 0.366667  0.266667  0.366667
Final Allocation: [0.3666666666666667, 0.2666666666666666, 0.3666666666666667]
Mean Utility: 0.9963997590123993
Optimality: 0.9963997590123993
Envy: 1.0612611600875899
Incentive Alignment: 0.890521179952402
